1,808
2,250
3,74
4,659
5,931
6,273
7,545
8,879
9,924
10,710
11,441
12,166
13,493
14,43
15,988
16,504
17,328
18,730
19,841
20,613
21,304
22,170
23,710
24,158
25,561
26,934
27,100
28,279
29,817
30,336
31,98
32,827
33,513
34,268
35,811
36,634
37,980
38,150
39,580
40,822
41,968
42,673
43,394
44,337
45,486
46,746
47,229
48,92
49,195
50,358
51,2
52,154
53,709
54,945
55,669
56,491
57,125
58,197
59,531
60,904
61,723
62,667
63,550
64,25
65,802
66,854
67,978
68,409
69,229
70,934
71,299
72,982
73,636
74,14
75,866
76,815
77,64
78,537
79,426
80,670
81,116
82,95
83,630
84,502
85,518
86,196
87,106
88,405
89,452
90,299
91,189
92,124
93,506
94,883
95,753
96,567
97,717
98,338
99,439
100,145
101,502
102,898
103,872
104,829
105,138
106,359
107,178
108,398
109,295
110,905
111,610
112,232
113,746
114,176
115,636
116,299
117,143
118,400
119,969
120,413
121,261
122,558
123,595
124,9
125,396
126,969
127,114
128,531
129,7
130,963
131,943
132,366
133,83
134,853
135,768
136,822
137,696
138,713
139,672
140,902
141,591
142,832
143,739
144,58
145,617
146,791
147,641
148,680
149,336
150,7
151,973
152,99
153,96
154,320
155,455
156,224
157,290
158,761
159,906
160,127
161,124
162,507
163,814
164,771
165,239
166,95
167,221
168,845
169,367
170,535
171,227
172,395
173,364
174,739
175,845
176,591
177,551
178,160
179,624
180,948
181,386
182,218
183,273
184,540
185,248
186,386
187,497
188,886
189,624
190,421
191,145
192,969
193,736
194,916
195,626
196,535
197,43
198,12
199,680
200,153
201,245
202,296
203,819
204,397
205,693
206,816
207,992
208,34
209,670
210,398
211,554
212,548
213,826
214,211
215,663
216,212
217,809
218,378
219,762
220,626
221,336
222,869
223,996
224,777
225,768
226,440
227,875
228,332
229,557
230,302
231,873
232,561
233,95
234,985
235,756
236,790
237,408
238,16
239,194
240,770
241,681
242,456
243,856
244,507
245,964
246,503
247,677
248,109
249,250
250,332
251,845
252,639
253,809
254,998
255,652
256,850
257,204
258,732
259,532
260,15
261,420
262,776
263,10
264,181
265,930
266,224
267,55
268,261
269,738
270,546
271,318
272,526
273,201
274,257
275,565
276,598
277,649
278,705
279,551
280,151
281,977
282,413
283,555
284,798
285,505
286,382
287,749
288,66
289,379
290,700
291,210
292,130
293,554
294,484
295,448
296,608
297,774
298,323
299,306
300,177
301,54
302,225
303,631
304,367
305,401
306,445
307,371
308,286
309,17
310,899
311,156
312,134
313,558
314,577
315,179
316,267
317,358
318,712
319,879
320,615
321,820
322,738
323,134
324,592
325,721
326,763
327,634
328,198
329,32
330,589
331,590
332,874
333,878
334,305
335,359
336,201
337,255
338,961
339,916
340,948
341,481
342,731
343,956
344,547
345,108
346,239
347,1
348,927
349,36
350,858
351,114
352,115
353,594
354,361
355,355
356,419
357,358
358,586
359,730
360,16
361,564
362,103
363,918
364,644
365,420
366,968
367,748
368,270
369,396
370,304
371,474
372,104
373,749
374,386
375,659
376,460
377,407
378,931
379,825
380,133
381,974
382,604
383,898
384,921
385,951
386,232
387,481
388,204
389,901
390,521
391,534
392,259
393,4
394,677
395,951
396,935
397,781
398,880
399,833
400,575
401,550
402,543
403,250
404,772
405,311
406,880
407,984
408,971
409,41
410,724
411,651
412,972
413,230
414,319
415,747
416,300
417,231
418,622
419,777
420,125
421,245
422,959
423,697
424,772
425,65
426,561
427,599
428,752
429,941
430,504
431,552
432,802
433,206
434,81
435,419
436,275
437,650
438,414
439,321
440,26
441,13
442,784
443,789
444,118
445,9
446,551
447,325
448,196
449,258
450,512
451,691
452,667
453,411
454,594
455,554
456,566
457,961
458,743
459,404
460,353
461,308
462,142
463,911
464,201
465,800
466,128
467,172
468,788
469,415
470,626
471,642
472,518
473,349
474,843
475,316
476,975
477,446
478,374
479,221
480,912
481,240
482,55
483,306
484,930
485,254
486,190
487,167
488,357
489,305
490,861
491,899
492,593
493,721
494,117
495,581
496,868
497,353
498,940
499,699
500,902
501,812
502,617
503,892
504,672
505,729
506,672
507,662
508,46
509,121
510,241
511,159
512,454
513,628
514,351
515,712
516,564
517,595
518,534
519,728
520,828
521,796
522,532
523,443
524,517
525,7
526,516
527,925
528,602
529,98
530,662
531,104
532,325
533,109
534,937
535,282
536,16
537,711
538,217
539,906
540,974
541,782
542,721
543,792
544,170
545,866
546,828
547,537
548,729
549,126
550,385
551,168
552,950
553,477
554,47
555,577
556,667
557,468
558,521
559,385
560,992
561,211
562,259
563,212
564,745
565,519
566,719
567,935
568,826
569,768
570,690
571,819
572,15
573,826
574,919
575,29
576,30
577,35
578,728
579,241
580,755
581,541
582,397
583,936
584,84
585,49
586,866
587,12
588,253
589,65
590,877
591,238
592,676
593,246
594,711
595,416
596,193
597,711
598,748
599,38
600,300
601,448
602,716
603,694
604,580
605,130
606,165
607,980
608,502
609,526
610,290
611,959
612,34
613,801
614,90
615,671
616,218
617,847
618,39
619,544
620,339
621,937
622,322
623,720
624,497
625,248
626,789
627,360
628,988
629,36
630,236
631,913
632,685
633,990
634,785
635,735
636,668
637,520
638,616
639,46
640,977
641,662
642,826
643,820
644,632
645,904
646,699
647,799
648,640
649,5
650,504
651,680
652,766
653,392
654,108
655,925
656,366
657,122
658,455
659,107
660,451
661,704
662,833
663,33
664,142
665,655
666,978
667,218
668,901
669,290
670,466
671,748
672,623
673,880
674,318
675,517
676,49
677,763
678,30
679,40
680,709
681,904
682,658
683,762
684,753
685,467
686,622
687,558
688,997
689,956
690,931
691,495
692,556
693,222
694,313
695,294
696,428
697,233
698,445
699,792
700,199
701,153
702,857
703,571
704,304
705,440
706,915
707,800
708,767
709,836
710,922
711,44
712,753
713,87
714,720
715,151
716,411
717,624
718,670
719,606
720,944
721,312
722,432
723,993
724,817
725,700
726,972
727,640
728,371
729,837
730,892
731,858
732,834
733,329
734,178
735,411
736,684
737,177
738,490
739,92
740,435
741,712
742,905
743,27
744,892
745,791
746,523
747,365
748,891
749,885
750,814
751,442
752,128
753,180
754,785
755,538
756,871
757,562
758,582
759,166
760,803
761,733
762,333
763,855
764,760
765,848
766,378
767,463
768,11
769,820
770,151
771,378
772,942
773,837
774,721
775,300
776,113
777,760
778,957
779,391
780,153
781,49
782,15
783,45
784,919
785,151
786,102
787,296
788,822
789,732
790,502
791,246
792,962
793,58
794,511
795,929
796,806
797,174
798,138
799,670
800,97
801,504
802,422
803,676
804,519
805,301
806,490
807,263
808,55
809,264
810,644
811,890
812,251
813,736
814,416
815,365
816,495
817,964
818,759
819,653
820,93
821,317
822,715
823,421
824,61
825,451
826,369
827,742
828,848
829,197
830,788
831,502
832,235
833,129
834,572
835,449
836,876
837,254
838,872
839,330
840,294
841,720
842,472
843,821
844,765
845,80
846,631
847,411
848,81
849,114
850,343
851,139
852,383
853,45
854,829
855,394
856,576
857,981
858,1
859,597
860,948
861,371
862,88
863,544
864,734
865,853
866,262
867,825
868,401
869,381
870,779
871,858
872,424
873,499
874,15
875,846
876,663
877,510
878,611
879,850
880,219
881,291
882,56
883,744
884,556
885,386
886,535
887,276
888,322
889,152
890,227
891,252
892,460
893,784
894,715
895,438
896,880
897,699
898,101
899,138
900,286
901,879
902,285
903,343
904,916
905,961
906,68
907,141
908,708
909,567
910,729
911,563
912,364
913,970
914,891
915,624
916,279
917,314
918,762
919,11
920,841
921,979
922,1
923,395
924,508
925,657
926,552
927,787
928,432
929,545
930,740
931,777
932,585
933,253
934,109
935,515
936,455
937,20
938,29
939,672
940,371
941,664
942,948
943,25
944,544
945,855
946,9
947,982
948,553
949,289
950,164
951,360
952,20
953,380
954,357
955,462
956,488
957,354
958,900
959,789
960,245
961,881
962,467
963,284
964,275
965,237
966,910
967,568
968,835
969,940
970,685
971,652
972,550
973,267
974,468
975,111
976,590
977,328
978,774
979,582
980,296
981,937
982,875
983,436
984,232
985,973
986,29
987,799
988,71
989,588
990,298
991,90
992,647
993,91
994,112
995,613
996,464
997,113
998,782
999,952
1000,231
1001,322
1002,214
1003,129
1004,951
1005,601
1006,960
1007,755
1008,993
1009,195
1010,331
1011,633
1012,560
1013,778
1014,780
1015,633
1016,273
1017,384
1018,82
1019,154
1020,623
1021,522
1022,957
1023,819
1024,592
1025,901
1026,197
1027,121
1028,705
1029,600
1030,130
1031,145
1032,176
1033,871
1034,417
1035,600
1036,81
1037,619
1038,289
1039,453
1040,129
1041,801
1042,663
1043,841
1044,150
1045,386
1046,584
1047,516
1048,660
1049,879
1050,960
1051,562
1052,383
1053,49
1054,55
1055,441
1056,382
1057,771
1058,29
1059,252
1060,545
1061,870
1062,596
1063,470
1064,711
1065,173
1066,924
1067,126
1068,220
1069,851
1070,432
1071,244
1072,847
1073,870
1074,671
1075,395
1076,611
1077,393
1078,65
1079,525
1080,362
1081,520
1082,621
1083,563
1084,662
1085,726
1086,435
1087,950
1088,91
1089,323
1090,261
1091,94
1092,929
1093,123
1094,382
1095,367
1096,469
1097,24
1098,723
1099,640
1100,518
1101,794
1102,365
1103,179
1104,957
1105,772
1106,342
1107,356
1108,837
1109,490
1110,729
1111,121
1112,903
1113,313
1114,617
1115,348
1116,947
1117,852
1118,673
1119,812
1120,524
1121,737
1122,606
1123,608
1124,634
1125,867
1126,554
1127,413
1128,926
1129,41
1130,154
1131,258
1132,734
1133,296
1134,140
1135,252
1136,259
1137,695
1138,161
1139,139
1140,930
1141,876
1142,599
1143,293
1144,634
1145,563
1146,277
1147,237
1148,647
1149,874
1150,465
1151,485
1152,193
1153,120
1154,843
1155,329
1156,860
1157,263
1158,146
1159,717
1160,128
1161,173
1162,749
1163,1
1164,371
1165,399
1166,293
1167,546
1168,929
1169,301
1170,144
1171,193
1172,564
1173,784
1174,273
1175,802
1176,10
1177,222
1178,487
1179,514
1180,770
1181,532
1182,358
1183,820
1184,487
1185,857
1186,817
1187,255
1188,755
1189,815
1190,616
1191,538
1192,967
1193,298
1194,878
1195,761
1196,413
1197,192
1198,232
1199,175
1200,464
1201,878
1202,325
1203,785
1204,834
1205,751
1206,528
1207,1000
1208,430
1209,610
1210,145
1211,365
1212,452
1213,813
1214,980
1215,135
1216,408
1217,584
1218,601
1219,260
1220,311
1221,754
1222,892
1223,322
1224,226
1225,254
1226,930
1227,97
1228,554
1229,662
1230,859
1231,492
1232,964
1233,921
1234,769
1235,688
1236,527
1237,473
1238,220
1239,642
1240,205
1241,952
1242,93
1243,446
1244,371
1245,475
1246,963
1247,177
1248,318
1249,827
1250,414
1251,345
1252,572
1253,980
1254,36
1255,130
1256,289
1257,849
1258,979
1259,618
1260,724
1261,839
1262,509
1263,930
1264,927
1265,969
1266,807
1267,200
1268,256
1269,830
1270,277
1271,489
1272,897
1273,820
1274,865
1275,138
1276,417
1277,319
1278,492
1279,684
1280,399
1281,121
1282,749
1283,962
1284,652
1285,19
1286,978
1287,947
1288,662
1289,479
1290,229
1291,64
1292,236
1293,507
1294,309
1295,969
1296,680
1297,120
1298,324
1299,678
1300,393
1301,954
1302,979
1303,854
1304,296
1305,272
1306,476
1307,205
1308,963
1309,33
1310,820
1311,532
1312,36
1313,469
1314,469
1315,611
1316,235
1317,271
1318,779
1319,266
1320,46
1321,280
1322,76
1323,328
1324,688
1325,364
1326,38
1327,767
1328,535
1329,84
1330,676
1331,185
1332,556
1333,157
1334,400
1335,665
1336,94
1337,887
1338,634
1339,925
1340,48
1341,195
1342,331
1343,768
1344,666
1345,911
1346,683
1347,806
1348,315
1349,653
1350,242
1351,586
1352,592
1353,807
1354,761
1355,961
1356,913
1357,404
1358,431
1359,86
1360,201
1361,586
1362,468
1363,485
1364,989
1365,201
1366,687
1367,101
1368,496
1369,200
1370,103
1371,429
1372,184
1373,918
1374,137
1375,803
1376,490
1377,579
1378,726
1379,790
1380,723
1381,596
1382,606
1383,320
1384,692
1385,722
1386,775
1387,515
1388,863
1389,707
1390,284
1391,627
1392,420
1393,802
1394,331
1395,645
1396,376
1397,259
1398,463
1399,132
1400,737
1401,721
1402,309
1403,25
1404,948
1405,509
1406,412
1407,398
1408,1
1409,315
1410,897
1411,1000
1412,646
1413,534
1414,963
1415,540
1416,755
1417,822
1418,287
1419,537
1420,11
1421,663
1422,174
1423,494
1424,636
1425,989
1426,572
1427,839
1428,822
1429,892
1430,414
1431,561
1432,958
1433,93
1434,744
1435,776
1436,769
1437,414
1438,416
1439,637
1440,892
1441,348
1442,370
1443,833
1444,135
1445,929
1446,144
1447,880
1448,907
1449,55
1450,808
1451,538
1452,204
1453,422
1454,448
1455,35
1456,950
1457,417
1458,760
1459,939
1460,551
1461,184
1462,187
1463,97
1464,686
1465,525
1466,923
1467,364
1468,182
1469,13
1470,252
1471,203
1472,496
1473,537
1474,455
1475,209
1476,981
1477,32
1478,831
1479,96
1480,715
1481,113
1482,137
1483,938
1484,10
1485,686
1486,920
1487,382
1488,611
1489,909
1490,610
1491,440
1492,868
1493,120
1494,267
1495,1000
1496,521
1497,516
1498,578
1499,923
1500,143
1501,981
1502,882
1503,886
1504,31
1505,326
1506,437
1507,995
1508,946
1509,603
1510,234
1511,481
1512,457
1513,835
1514,518
1515,882
1516,782
1517,459
1518,806
1519,993
1520,161
1521,652
1522,202
1523,543
1524,945
1525,636
1526,556
1527,873
1528,444
1529,323
1530,14
1531,442
1532,782
1533,780
1534,519
1535,161
1536,730
1537,956
1538,83
1539,365
1540,33
1541,314
1542,196
1543,329
1544,505
1545,856
1546,712
1547,882
1548,611
1549,905
1550,552
1551,617
1552,762
1553,865
1554,406
1555,123
1556,114
1557,944
1558,637
1559,119
1560,995
1561,189
1562,744
1563,640
1564,503
1565,344
1566,71
1567,220
1568,213
1569,318
1570,933
1571,783
1572,98
1573,860
1574,74
1575,591
1576,820
1577,11
1578,912
1579,16
1580,979
1581,543
1582,46
1583,271
1584,563
1585,9
1586,984
1587,100
1588,710
1589,214
1590,551
1591,952
1592,666
1593,503
1594,618
1595,954
1596,300
1597,917
1598,585
1599,870
1600,443
1601,504
1602,516
1603,330
1604,258
1605,383
1606,265
1607,353
1608,155
1609,527
1610,28
1611,756
1612,260
1613,953
1614,387
1615,423
1616,130
1617,787
1618,550
1619,880
1620,199
1621,891
1622,604
1623,687
1624,444
1625,828
1626,586
1627,199
1628,588
1629,818
1630,32
1631,477
1632,462
1633,564
1634,215
1635,384
1636,833
1637,723
1638,512
1639,792
1640,872
1641,143
1642,734
1643,554
1644,31
1645,381
1646,705
1647,916
1648,888
1649,111
1650,682
1651,559
1652,787
1653,434
1654,41
1655,660
1656,937
1657,563
1658,939
1659,755
1660,527
1661,527
1662,713
1663,596
1664,622
1665,178
1666,342
1667,159
1668,55
1669,21
1670,198
1671,728
1672,452
1673,463
1674,333
1675,938
1676,805
1677,58
1678,406
1679,908
1680,944
1681,259
1682,540
1683,344
1684,698
1685,282
1686,966
1687,458
1688,606
1689,118
1690,413
1691,625
1692,185
1693,460
1694,300
1695,217
1696,741
1697,852
1698,847
1699,923
1700,894
1701,616
1702,50
1703,362
1704,650
1705,232
1706,797
1707,124
1708,697
1709,445
1710,251
1711,239
1712,432
1713,360
1714,936
1715,266
1716,802
1717,388
1718,438
1719,949
1720,121
1721,425
1722,895
1723,776
1724,904
1725,990
1726,287
1727,846
1728,144
1729,258
1730,333
1731,262
1732,579
1733,105
1734,203
1735,32
1736,221
1737,687
1738,631
1739,644
1740,368
1741,649
1742,845
1743,318
1744,750
1745,126
1746,274
1747,864
1748,417
1749,681
1750,349
1751,980
1752,958
1753,815
1754,706
1755,190
1756,308
1757,906
1758,528
1759,615
1760,716
1761,309
1762,898
1763,450
1764,496
1765,30
1766,27
1767,867
1768,399
1769,986
1770,663
1771,519
1772,854
1773,580
1774,204
1775,384
1776,724
1777,560
1778,222
1779,175
1780,35
1781,676
1782,703
1783,437
1784,280
1785,916
1786,751
1787,14
1788,851
1789,493
1790,949
1791,84
1792,982
1793,848
1794,209
1795,707
1796,179
1797,307
1798,268
1799,115
1800,911
1801,471
1802,359
1803,618
1804,947
1805,305
1806,657
1807,664
1808,638
1809,899
1810,735
1811,657
1812,509
1813,13
1814,114
1815,281
1816,725
1817,105
1818,614
1819,74
1820,963
1821,980
1822,378
1823,270
1824,148
1825,632
1826,754
1827,634
1828,740
1829,521
1830,195
1831,598
1832,425
1833,872
1834,959
1835,321
1836,949
1837,19
1838,402
1839,518
1840,393
1841,614
1842,581
1843,357
1844,941
1845,595
1846,869
1847,671
1848,464
1849,650
1850,135
1851,426
1852,872
1853,892
1854,651
1855,218
1856,11
1857,655
1858,526
1859,902
1860,495
1861,393
1862,35
1863,971
1864,547
1865,188
1866,122
1867,566
1868,590
1869,972
1870,866
1871,161
1872,111
1873,776
1874,110
1875,695
1876,324
1877,535
1878,475
1879,415
1880,495
1881,424
1882,876
1883,78
1884,358
1885,628
1886,223
1887,575
1888,173
1889,840
1890,40
1891,184
1892,418
1893,531
1894,891
1895,607
1896,897
1897,13
1898,896
1899,939
1900,517
1901,322
1902,685
1903,228
1904,579
1905,461
1906,973
1907,488
1908,636
1909,582
1910,527
1911,195
1912,31
1913,296
1914,259
1915,420
1916,213
1917,444
1918,313
1919,707
1920,629
1921,594
1922,927
1923,227
1924,727
1925,734
1926,982
1927,297
1928,393
1929,62
1930,10
1931,378
1932,125
1933,523
1934,241
1935,53
1936,816
1937,181
1938,293
1939,152
1940,53
1941,974
1942,678
1943,418
1944,627
1945,466
1946,262
1947,740
1948,850
1949,8
1950,720
1951,431
1952,377
1953,826
1954,582
1955,328
1956,660
1957,498
1958,194
1959,226
1960,830
1961,823
1962,349
1963,554
1964,880
1965,469
1966,228
1967,425
1968,432
1969,278
1970,407
1971,501
1972,273
1973,602
1974,931
1975,699
1976,78
1977,550
1978,295
1979,128
1980,653
1981,60
1982,578
1983,671
1984,152
1985,225
1986,85
1987,21
1988,16
1989,220
1990,178
1991,696
1992,896
1993,665
1994,601
1995,119
1996,118
1997,724
1998,618
1999,755
2000,569
2001,588
2002,576
2003,914
2004,123
2005,158
2006,717
2007,583
2008,143
2009,963
2010,9
2011,441
2012,306
2013,171
2014,407
2015,202
2016,720
2017,621
2018,963
2019,318
2020,136
2021,753
2022,895
2023,236
2024,611
2025,832
2026,364
2027,852
2028,848
2029,452
2030,111
2031,550
2032,448
2033,235
2034,749
2035,224
2036,89
2037,772
2038,933
2039,960
2040,257
2041,346
2042,703
2043,724
2044,890
2045,820
2046,495
2047,887
2048,108
2049,393
2050,501
2051,947
2052,402
2053,366
2054,745
2055,757
2056,475
2057,918
2058,776
2059,696
2060,867
2061,865
2062,492
2063,792
2064,941
2065,757
2066,60
2067,898
2068,98
2069,310
2070,564
2071,23
2072,86
2073,900
2074,520
2075,721
2076,393
2077,149
2078,54
2079,777
2080,877
2081,834
2082,798
2083,194
2084,904
2085,9
2086,375
2087,767
2088,304
2089,631
2090,582
2091,187
2092,726
2093,670
2094,426
2095,159
2096,186
2097,400
2098,422
2099,115
2100,261
2101,57
2102,873
2103,54
2104,854
2105,776
2106,582
2107,556
2108,163
2109,49
2110,746
2111,453
2112,471
2113,632
2114,401
2115,264
2116,548
2117,920
2118,371
2119,202
2120,960
2121,583
2122,580
2123,997
2124,30
2125,502
2126,657
2127,931
2128,582
2129,421
2130,363
2131,152
2132,46
2133,171
2134,455
2135,158
2136,94
2137,16
2138,809
2139,862
2140,967
2141,174
2142,879
2143,87
2144,31
2145,53
2146,27
2147,380
2148,711
2149,433
2150,952
2151,773
2152,302
2153,188
2154,880
2155,609
2156,538
2157,37
2158,203
2159,479
2160,124
2161,89
2162,575
2163,510
2164,597
2165,124
2166,763
2167,124
2168,847
2169,880
2170,156
2171,675
2172,723
2173,432
2174,658
2175,972
2176,580
2177,195
2178,528
2179,657
2180,37
2181,217
2182,348
2183,814
2184,585
2185,258
2186,861
2187,558
2188,601
2189,237
2190,514
2191,534
2192,476
2193,911
2194,163
2195,267
2196,807
2197,109
2198,508
2199,174
2200,538
2201,897
2202,56
2203,225
2204,467
2205,409
2206,834
2207,562
2208,558
2209,572
2210,577
2211,115
2212,915
2213,290
2214,736
2215,860
2216,639
2217,695
2218,461
2219,928
2220,344
2221,843
2222,456
2223,122
2224,712
2225,581
2226,613
2227,810
2228,691
2229,484
2230,546
2231,439
2232,435
2233,939
2234,765
2235,482
2236,841
2237,551
2238,119
2239,176
2240,599
2241,275
2242,688
2243,843
2244,589
2245,821
2246,783
2247,806
2248,735
2249,221
2250,47
2251,904
2252,621
2253,851
2254,976
2255,363
2256,343
2257,71
2258,439
2259,143
2260,116
2261,736
2262,178
2263,735
2264,268
2265,875
2266,581
2267,391
2268,697
2269,7
2270,882
2271,44
2272,273
2273,356
2274,639
2275,976
2276,621
2277,376
2278,987
2279,198
2280,306
2281,538
2282,596
2283,784
2284,496
2285,177
2286,884
2287,83
2288,828
2289,152
2290,600
2291,306
2292,952
2293,378
2294,7
2295,791
2296,596
2297,397
2298,662
2299,232
2300,726
2301,607
2302,380
2303,471
2304,25
2305,358
2306,123
2307,54
2308,474
2309,281
2310,504
2311,84
2312,935
2313,583
2314,858
2315,564
2316,42
2317,638
2318,830
2319,688
2320,787
2321,952
2322,95
2323,623
2324,631
2325,631
2326,155
2327,507
2328,220
2329,718
2330,484
2331,140
2332,914
2333,693
2334,640
2335,145
2336,69
2337,84
2338,430
2339,866
2340,806
2341,388
2342,941
2343,288
2344,198
2345,680
2346,569
2347,364
2348,901
2349,1000
2350,448
2351,502
2352,489
2353,206
2354,321
2355,245
2356,573
2357,77
2358,431
2359,320
2360,970
2361,989
2362,630
2363,153
2364,133
2365,559
2366,608
2367,682
2368,563
2369,217
2370,410
2371,246
2372,549
2373,686
2374,709
2375,814
2376,868
2377,106
2378,615
2379,655
2380,336
2381,471
2382,164
2383,980
2384,959
2385,40
2386,60
2387,946
2388,524
2389,749
2390,745
2391,178
2392,738
2393,492
2394,43
2395,499
2396,778
2397,5
2398,383
2399,557
2400,176
2401,134
2402,211
2403,293
2404,671
2405,271
2406,954
2407,354
2408,329
2409,129
2410,874
2411,83
2412,772
2413,301
2414,406
2415,456
2416,622
2417,385
2418,935
2419,848
2420,329
2421,489
2422,786
2423,309
2424,159
2425,775
2426,924
2427,262
2428,873
2429,925
2430,336
2431,390
2432,857
2433,345
2434,999
2435,748
2436,896
2437,968
2438,384
2439,577
2440,944
2441,837
2442,538
2443,147
2444,363
2445,758
2446,943
2447,597
2448,904
2449,382
2450,282
2451,295
2452,789
2453,805
2454,656
2455,688
2456,984
2457,218
2458,566
2459,294
2460,257
2461,939
2462,852
2463,488
2464,191
2465,681
2466,833
2467,527
2468,430
2469,708
2470,415
2471,618
2472,926
2473,639
2474,527
2475,546
2476,358
2477,126
2478,308
2479,880
2480,552
2481,642
2482,960
2483,982
2484,466
2485,326
2486,495
2487,894
2488,65
2489,564
2490,430
2491,502
2492,873
2493,941
2494,54
2495,330
2496,233
2497,281
2498,360
2499,475
2500,41
2501,777
2502,590
2503,705
2504,19
2505,969
2506,487
2507,267
2508,663
2509,375
2510,699
2511,822
2512,28
2513,416
2514,228
2515,842
2516,410
2517,159
2518,936
2519,766
2520,762
2521,762
2522,833
2523,273
2524,220
2525,195
2526,804
2527,255
2528,132
2529,517
2530,305
2531,684
2532,475
2533,114
2534,412
2535,545
2536,709
2537,760
2538,806
2539,673
2540,793
2541,173
2542,216
2543,230
2544,514
2545,144
2546,481
2547,510
2548,306
2549,185
2550,50
2551,512
2552,210
2553,384
2554,849
2555,786
2556,308
2557,761
2558,581
2559,990
2560,64
2561,734
2562,567
2563,586
2564,201
2565,586
2566,443
2567,175
2568,392
2569,664
2570,894
2571,304
2572,199
2573,364
2574,762
2575,992
2576,178
2577,90
2578,798
2579,830
2580,713
2581,570
2582,861
2583,532
2584,466
2585,712
2586,514
2587,97
2588,51
2589,805
2590,124
2591,889
2592,723
2593,821
2594,817
2595,366
2596,378
2597,373
2598,613
2599,381
2600,77
2601,901
2602,42
2603,619
2604,476
2605,920
2606,944
2607,764
2608,782
2609,59
2610,583
2611,468
2612,153
2613,552
2614,462
2615,896
2616,618
2617,430
2618,628
2619,992
2620,287
2621,461
2622,457
2623,993
2624,2
2625,240
2626,412
2627,385
2628,971
2629,514
2630,671
2631,309
2632,986
2633,121
2634,358
2635,246
2636,298
2637,880
2638,200
2639,703
2640,784
2641,168
2642,420
2643,970
2644,138
2645,830
2646,800
2647,619
2648,219
2649,806
2650,816
2651,838
2652,316
2653,130
2654,25
2655,916
2656,967
2657,473
2658,497
2659,161
2660,779
2661,280
2662,372
2663,325
2664,446
2665,781
2666,578
2667,559
2668,955
2669,116
2670,609
2671,622
2672,609
2673,946
2674,853
2675,96
2676,212
2677,11
2678,161
2679,283
2680,911
2681,283
2682,111
2683,302
2684,861
2685,636
2686,21
2687,685
2688,7
2689,606
2690,709
2691,778
2692,625
2693,50
2694,994
2695,545
2696,417
2697,625
2698,82
2699,62
2700,986
2701,639
2702,204
2703,508
2704,23
2705,14
2706,296
2707,852
2708,184
2709,699
2710,858
2711,801
2712,357
2713,90
2714,802
2715,500
2716,11
2717,675
2718,296
2719,529
2720,692
2721,648
2722,582
2723,294
2724,521
2725,169
2726,416
2727,477
2728,525
2729,54
2730,765
2731,488
2732,796
2733,520
2734,694
2735,807
2736,506
2737,232
2738,379
2739,350
2740,231
2741,210
2742,388
2743,633
2744,975
2745,985
2746,271
2747,554
2748,912
2749,389
2750,165
2751,939
2752,689
2753,608
2754,663
2755,159
2756,817
2757,176
2758,978
2759,493
2760,378
2761,30
2762,291
2763,861
2764,752
2765,28
2766,522
2767,440
2768,741
2769,365
2770,778
2771,137
2772,6
2773,12
2774,685
2775,656
2776,976
2777,160
2778,540
2779,650
2780,900
2781,173
2782,975
2783,991
2784,467
2785,743
2786,223
2787,22
2788,461
2789,835
2790,448
2791,294
2792,418
2793,102
2794,366
2795,249
2796,775
2797,333
2798,389
2799,766
2800,259
2801,3
2802,311
2803,720
2804,311
2805,438
2806,993
2807,737
2808,849
2809,9
2810,751
2811,934
2812,320
2813,38
2814,633
2815,695
2816,594
2817,11
2818,812
2819,906
2820,459
2821,208
2822,554
2823,575
2824,665
2825,908
2826,803
2827,815
2828,870
2829,440
2830,515
2831,88
2832,596
2833,449
2834,68
2835,314
2836,868
2837,561
2838,254
2839,671
2840,884
2841,957
2842,369
2843,227
2844,401
2845,323
2846,438
2847,200
2848,572
2849,897
2850,418
2851,342
2852,159
2853,436
2854,889
2855,472
2856,874
2857,108
2858,921
2859,293
2860,194
2861,553
2862,190
2863,14
2864,829
2865,604
2866,199
2867,418
2868,551
2869,989
2870,547
2871,44
2872,366
2873,689
2874,812
2875,767
2876,444
2877,639
2878,5
2879,168
2880,758
2881,123
2882,47
2883,332
2884,704
2885,121
2886,28
2887,465
2888,952
2889,206
2890,730
2891,843
2892,417
2893,189
2894,151
2895,686
2896,303
2897,674
2898,46
2899,398
2900,116
2901,253
2902,389
2903,387
2904,529
2905,718
2906,623
2907,724
2908,327
2909,197
2910,662
2911,80
2912,885
2913,843
2914,891
2915,598
2916,629
2917,312
2918,344
2919,545
2920,453
2921,926
2922,239
2923,73
2924,388
2925,458
2926,516
2927,328
2928,762
2929,783
2930,978
2931,145
2932,229
2933,814
2934,536
2935,902
2936,240
2937,724
2938,324
2939,965
2940,992
2941,459
2942,960
2943,344
2944,749
2945,528
2946,453
2947,134
2948,9
2949,542
2950,122
2951,900
2952,470
2953,731
2954,382
2955,577
2956,214
2957,508
2958,155
2959,399
2960,470
2961,416
2962,681
2963,648
2964,828
2965,476
2966,789
2967,187
2968,865
2969,248
2970,707
2971,39
2972,628
2973,703
2974,332
2975,80
2976,758
2977,147
2978,728
2979,441
2980,739
2981,442
2982,843
2983,503
2984,466
2985,370
2986,12
2987,909
2988,503
2989,844
2990,374
2991,81
2992,837
2993,3
2994,565
2995,971
2996,402
2997,588
2998,41
2999,109
3000,956
3001,206
3002,788
3003,415
3004,402
3005,666
3006,1000
3007,160
3008,458
3009,391
3010,44
3011,883
3012,483
3013,904
3014,240
3015,185
3016,262
3017,605
3018,433
3019,28
3020,785
3021,525
3022,857
3023,415
3024,708
3025,949
3026,609
3027,905
3028,988
3029,836
3030,733
3031,137
3032,758
3033,526
3034,565
3035,955
3036,329
3037,234
3038,624
3039,231
3040,245
3041,371
3042,133
3043,305
3044,286
3045,680
3046,165
3047,656
3048,127
3049,680
3050,411
3051,721
3052,591
3053,502
3054,225
3055,350
3056,968
3057,803
3058,711
3059,505
3060,764
3061,161
3062,965
3063,929
3064,928
3065,102
3066,601
3067,383
3068,545
3069,986
3070,70
3071,824
3072,856
3073,769
3074,679
3075,928
3076,870
3077,275
3078,422
3079,238
3080,558
3081,321
3082,790
3083,813
3084,243
3085,684
3086,803
3087,542
3088,153
3089,68
3090,988
3091,289
3092,108
3093,34
3094,833
3095,282
3096,504
3097,233
3098,428
3099,751
3100,986
3101,971
3102,20
3103,24
3104,866
3105,575
3106,218
3107,819
3108,794
3109,201
3110,535
3111,792
3112,358
3113,120
3114,546
3115,794
3116,613
3117,80
3118,970
3119,519
3120,831
3121,499
3122,550
3123,658
3124,191
3125,769
3126,809
3127,427
3128,873
3129,653
3130,118
3131,994
3132,612
3133,442
3134,732
3135,708
3136,269
3137,764
3138,802
3139,923
3140,738
3141,259
3142,979
3143,47
3144,195
3145,164
3146,584
3147,911
3148,85
3149,774
3150,788
3151,233
3152,770
3153,308
3154,763
3155,485
3156,149
3157,136
3158,631
3159,699
3160,595
3161,627
3162,51
3163,135
3164,816
3165,69
3166,592
3167,600
3168,372
3169,570
3170,602
3171,397
3172,411
3173,874
3174,593
3175,12
3176,129
3177,901
3178,513
3179,380
3180,540
3181,70
3182,852
3183,415
3184,865
3185,885
3186,612
3187,645
3188,992
3189,128
3190,442
3191,400
3192,398
3193,496
3194,7
3195,292
3196,912
3197,539
3198,883
3199,454
3200,319
3201,124
3202,4
3203,981
3204,809
3205,874
3206,938
3207,181
3208,900
3209,294
3210,250
3211,144
3212,819
3213,947
3214,76
3215,776
3216,282
3217,777
3218,331
3219,336
3220,129
3221,449
3222,198
3223,163
3224,662
3225,248
3226,338
3227,815
3228,196
3229,631
3230,808
3231,857
3232,326
3233,344
3234,667
3235,16
3236,851
3237,143
3238,76
3239,524
3240,866
3241,13
3242,30
3243,381
3244,974
3245,158
3246,557
3247,224
3248,354
3249,7
3250,953
3251,377
3252,363
3253,939
3254,212
3255,267
3256,295
3257,310
3258,683
3259,397
3260,10
3261,297
3262,645
3263,736
3264,766
3265,659
3266,4
3267,904
3268,405
3269,847
3270,956
3271,951
3272,176
3273,628
3274,964
3275,153
3276,712
3277,785
3278,988
3279,117
3280,278
3281,252
3282,291
3283,684
3284,221
3285,1000
3286,791
3287,243
3288,312
3289,837
3290,263
3291,661
3292,270
3293,715
3294,279
3295,67
3296,958
3297,900
3298,851
3299,20
3300,299
3301,644
3302,969
3303,177
3304,502
3305,47
3306,489
3307,721
3308,482
3309,250
3310,712
3311,348
3312,845
3313,477
3314,797
3315,79
3316,257
3317,237
3318,663
3319,640
3320,640
3321,480
3322,488
3323,267
3324,101
3325,607
3326,92
3327,357
3328,899
3329,347
3330,871
3331,634
3332,2
3333,591
3334,385
3335,59
3336,128
3337,595
3338,987
3339,98
3340,90
3341,236
3342,728
3343,969
3344,501
3345,465
3346,541
3347,789
3348,211
3349,884
3350,224
3351,832
3352,624
3353,157
3354,715
3355,813
3356,170
3357,753
3358,163
3359,882
3360,936
3361,236
3362,672
3363,425
3364,71
3365,867
3366,594
3367,129
3368,627
3369,334
3370,200
3371,304
3372,127
3373,689
3374,242
3375,490
3376,420
3377,682
3378,416
3379,924
3380,799
3381,453
3382,269
3383,962
3384,890
3385,502
3386,184
3387,994
3388,421
3389,614
3390,43
3391,27
3392,251
3393,957
3394,433
3395,307
3396,893
3397,965
3398,903
3399,907
3400,91
3401,720
3402,303
3403,135
3404,276
3405,993
3406,433
3407,595
3408,770
3409,44
3410,948
3411,428
3412,796
3413,965
3414,794
3415,167
3416,95
3417,485
3418,559
3419,322
3420,667
3421,871
3422,743
3423,593
3424,155
3425,130
3426,546
3427,548
3428,273
3429,781
3430,797
3431,698
3432,247
3433,541
3434,107
3435,401
3436,644
3437,782
3438,415
3439,776
3440,218
3441,303
3442,893
3443,12
3444,869
3445,276
3446,138
3447,799
3448,433
3449,738
3450,767
3451,587
3452,693
3453,505
3454,961
3455,460
3456,616
3457,396
3458,386
3459,282
3460,64
3461,269
3462,565
3463,79
3464,426
3465,505
3466,116
3467,527
3468,587
3469,741
3470,724
3471,909
3472,551
3473,60
3474,421
3475,98
3476,80
3477,19
3478,318
3479,158
3480,31
3481,722
3482,52
3483,72
3484,529
3485,23
3486,600
3487,953
3488,257
3489,750
3490,77
3491,705
3492,649
3493,688
3494,634
3495,15
3496,658
3497,60
3498,211
3499,277
3500,801
3501,17
3502,171
3503,73
3504,556
3505,443
3506,787
3507,915
3508,587
3509,130
3510,284
3511,588
3512,588
3513,732
3514,660
3515,586
3516,200
3517,720
3518,572
3519,270
3520,704
3521,654
3522,597
3523,442
3524,299
3525,149
3526,238
3527,227
3528,22
3529,929
3530,995
3531,564
3532,328
3533,748
3534,199
3535,932
3536,191
3537,891
3538,331
3539,724
3540,618
3541,130
3542,308
3543,184
3544,540
3545,375
3546,434
3547,147
3548,490
3549,132
3550,872
3551,156
3552,37
3553,480
3554,147
3555,85
3556,877
3557,875
3558,385
3559,386
3560,888
3561,546
3562,250
3563,901
3564,987
3565,309
3566,414
3567,913
3568,528
3569,951
3570,643
3571,186
3572,972
3573,350
3574,855
3575,969
3576,261
3577,597
3578,760
3579,674
3580,299
3581,686
3582,949
3583,620
3584,168
3585,105
3586,134
3587,430
3588,791
3589,95
3590,967
3591,32
3592,412
3593,270
3594,759
3595,400
3596,758
3597,746
3598,424
3599,656
3600,776
3601,221
3602,677
3603,976
3604,86
3605,769
3606,593
3607,568
3608,825
3609,145
3610,787
3611,191
3612,114
3613,326
3614,239
3615,744
3616,704
3617,313
3618,612
3619,897
3620,873
3621,64
3622,897
3623,828
3624,366
3625,704
3626,220
3627,244
3628,872
3629,601
3630,250
3631,530
3632,739
3633,798
3634,966
3635,917
3636,444
3637,780
3638,948
3639,649
3640,178
3641,149
3642,581
3643,561
3644,139
3645,993
3646,762
3647,518
3648,77
3649,589
3650,543
3651,146
3652,105
3653,780
3654,470
3655,676
3656,466
3657,754
3658,716
3659,541
3660,170
3661,28
3662,702
3663,157
3664,511
3665,586
3666,694
3667,707
3668,594
3669,473
3670,816
3671,300
3672,506
3673,447
3674,954
3675,38
3676,150
3677,823
3678,121
3679,455
3680,823
3681,847
3682,460
3683,197
3684,129
3685,753
3686,217
3687,658
3688,877
3689,300
3690,194
3691,904
3692,537
3693,264
3694,436
3695,516
3696,120
3697,622
3698,494
3699,153
3700,345
3701,516
3702,877
3703,624
3704,981
3705,10
3706,938
3707,924
3708,886
3709,743
3710,442
3711,758
3712,803
3713,699
3714,244
3715,163
3716,386
3717,335
3718,993
3719,124
3720,680
3721,84
3722,895
3723,387
3724,553
3725,194
3726,278
3727,610
3728,455
3729,68
3730,569
3731,599
3732,151
3733,53
3734,855
3735,433
3736,509
3737,402
3738,191
3739,142
3740,345
3741,195
3742,288
3743,175
3744,332
3745,938
3746,583
3747,297
3748,882
3749,273
3750,183
3751,434
3752,257
3753,237
3754,531
3755,416
3756,71
3757,312
3758,334
3759,547
3760,446
3761,521
3762,598
3763,827
3764,913
3765,15
3766,834
3767,502
3768,178
3769,984
3770,536
3771,946
3772,367
3773,871
3774,270
3775,548
3776,585
3777,782
3778,333
3779,642
3780,282
3781,502
3782,248
3783,224
3784,816
3785,862
3786,662
3787,233
3788,27
3789,741
3790,563
3791,965
3792,760
3793,578
3794,436
3795,56
3796,824
3797,927
3798,60
3799,924
3800,866
3801,940
3802,647
3803,668
3804,722
3805,84
3806,952
3807,674
3808,44
3809,587
3810,600
3811,418
3812,862
3813,794
3814,156
3815,615
3816,295
3817,917
3818,674
3819,208
3820,202
3821,381
3822,59
3823,805
3824,92
3825,845
3826,382
3827,964
3828,199
3829,593
3830,491
3831,721
3832,955
3833,430
3834,741
3835,182
3836,961
3837,556
3838,183
3839,980
3840,966
3841,496
3842,416
3843,251
3844,889
3845,790
3846,426
3847,458
3848,187
3849,383
3850,46
3851,715
3852,694
3853,643
3854,82
3855,313
3856,997
3857,967
3858,367
3859,791
3860,62
3861,490
3862,660
3863,636
3864,220
3865,337
3866,993
3867,324
3868,782
3869,603
3870,806
3871,628
3872,619
3873,106
3874,664
3875,93
3876,139
3877,550
3878,934
3879,109
3880,737
3881,232
3882,497
3883,29
3884,710
3885,545
3886,218
3887,937
3888,437
3889,310
3890,540
3891,291
3892,815
3893,5
3894,869
3895,57
3896,285
3897,18
3898,276
3899,666
3900,913
3901,611
3902,460
3903,189
3904,349
3905,634
3906,833
3907,735
3908,907
3909,651
3910,211
3911,708
3912,776
3913,421
3914,309
3915,722
3916,508
3917,200
3918,958
3919,462
3920,208
3921,191
3922,711
3923,601
3924,137
3925,579
3926,239
3927,894
3928,116
3929,916
3930,573
3931,648
3932,344
3933,752
3934,340
3935,996
3936,627
3937,615
3938,686
3939,420
3940,81
3941,99
3942,857
3943,210
3944,490
3945,646
3946,166
3947,77
3948,152
3949,442
3950,974
3951,816
3952,745
3953,747
3954,4
3955,284
3956,541
3957,134
3958,254
3959,887
3960,853
3961,813
3962,669
3963,283
3964,388
3965,569
3966,563
3967,705
3968,597
3969,813
3970,965
3971,810
3972,46
3973,17
3974,710
3975,262
3976,579
3977,362
3978,32
3979,513
3980,12
3981,57
3982,961
3983,1000
3984,198
3985,343
3986,507
3987,524
3988,545
3989,908
3990,285
3991,788
3992,581
3993,58
3994,379
3995,941
3996,810
3997,263
3998,67
3999,122
4000,937
4001,808
4002,927
4003,438
4004,137
4005,107
4006,953
4007,331
4008,968
4009,601
4010,37
4011,617
4012,516
4013,447
4014,600
4015,678
4016,313
4017,481
4018,637
4019,125
4020,911
4021,588
4022,255
4023,936
4024,24
4025,432
4026,174
4027,778
4028,758
4029,895
4030,217
4031,666
4032,472
4033,13
4034,477
4035,326
4036,508
4037,210
4038,76
4039,451
4040,793
4041,607
4042,564
4043,189
4044,30
4045,201
4046,737
4047,4
4048,316
4049,32
4050,276
4051,198
4052,109
4053,697
4054,510
4055,717
4056,678
4057,676
4058,25
4059,558
4060,520
4061,93
4062,545
4063,658
4064,116
4065,973
4066,255
4067,226
4068,168
4069,138
4070,749
4071,797
4072,871
4073,537
4074,414
4075,643
4076,42
4077,679
4078,604
4079,982
4080,363
4081,220
4082,809
4083,712
4084,777
4085,183
4086,368
4087,424
4088,669
4089,121
4090,952
4091,421
4092,750
4093,663
4094,625
4095,292
4096,866
4097,772
4098,30
4099,870
4100,74
4101,384
4102,128
4103,569
4104,989
4105,12
4106,231
4107,625
4108,958
4109,640
4110,260
4111,661
4112,180
4113,625
4114,478
4115,687
4116,602
4117,866
4118,33
4119,748
4120,363
4121,292
4122,180
4123,992
4124,1
4125,688
4126,432
4127,624
4128,719
4129,36
4130,311
4131,225
4132,220
4133,558
4134,293
4135,265
4136,377
4137,906
4138,337
4139,432
4140,367
4141,493
4142,727
4143,921
4144,678
4145,405
4146,986
4147,308
4148,506
4149,413
4150,807
4151,572
4152,219
4153,895
4154,782
4155,70
4156,234
4157,72
4158,382
4159,587
4160,63
4161,801
4162,620
4163,142
4164,480
4165,110
4166,186
4167,380
4168,583
4169,981
4170,657
4171,20
4172,495
4173,487
4174,960
4175,123
4176,464
4177,384
4178,331
4179,729
4180,451
4181,600
4182,66
4183,598
4184,840
4185,684
4186,614
4187,554
4188,693
4189,825
4190,154
4191,714
4192,496
4193,12
4194,721
4195,570
4196,844
4197,569
4198,468
4199,152
4200,511
4201,316
4202,265
4203,392
4204,250
4205,541
4206,888
4207,24
4208,45
4209,539
4210,122
4211,68
4212,353
4213,753
4214,813
4215,457
4216,63
4217,552
4218,185
4219,301
4220,617
4221,28
4222,718
4223,221
4224,209
4225,111
4226,862
4227,91
4228,864
4229,91
4230,659
4231,505
4232,933
4233,743
4234,174
4235,811
4236,812
4237,258
4238,654
4239,15
4240,873
4241,901
4242,408
4243,22
4244,339
4245,761
4246,482
4247,35
4248,538
4249,883
4250,642
4251,511
4252,634
4253,638
4254,505
4255,110
4256,392
4257,450
4258,161
4259,72
4260,537
4261,960
4262,950
4263,476
4264,726
4265,388
4266,829
4267,881
4268,8
4269,956
4270,773
4271,8
4272,624
4273,998
4274,63
4275,713
4276,15
4277,239
4278,597
4279,420
4280,348
4281,864
4282,175
4283,559
4284,270
4285,133
4286,13
4287,68
4288,180
4289,723
4290,367
4291,449
4292,255
4293,264
4294,885
4295,648
4296,780
4297,601
4298,138
4299,824
4300,621
4301,612
4302,956
4303,139
4304,646
4305,220
4306,710
4307,778
4308,144
4309,709
4310,293
4311,277
4312,750
4313,3
4314,153
4315,14
4316,272
4317,875
4318,672
4319,105
4320,702
4321,187
4322,392
4323,201
4324,423
4325,216
4326,65
4327,958
4328,872
4329,414
4330,983
4331,878
4332,686
4333,351
4334,559
4335,871
4336,855
4337,410
4338,606
4339,211
4340,375
4341,792
4342,459
4343,67
4344,978
4345,984
4346,572
4347,716
4348,734
4349,492
4350,259
4351,222
4352,545
4353,684
4354,319
4355,174
4356,586
4357,441
4358,485
4359,28
4360,762
4361,29
4362,7
4363,616
4364,174
4365,15
4366,632
4367,355
4368,613
4369,933
4370,413
4371,140
4372,380
4373,113
4374,758
4375,819
4376,402
4377,48
4378,36
4379,188
4380,326
4381,994
4382,60
4383,934
4384,854
4385,408
4386,408
4387,253
4388,94
4389,691
4390,270
4391,34
4392,936
4393,824
4394,277
4395,162
4396,419
4397,316
4398,650
4399,780
4400,933
4401,803
4402,589
4403,936
4404,757
4405,606
4406,223
4407,235
4408,847
4409,405
4410,176
4411,794
4412,421
4413,849
4414,799
4415,188
4416,647
4417,298
4418,168
4419,421
4420,740
4421,174
4422,300
4423,117
4424,606
4425,657
4426,365
4427,535
4428,601
4429,418
4430,262
4431,657
4432,701
4433,430
4434,200
4435,605
4436,789
4437,328
4438,461
4439,197
4440,835
4441,483
4442,754
4443,649
4444,902
4445,905
4446,341
4447,437
4448,551
4449,23
4450,985
4451,682
4452,720
4453,373
4454,602
4455,791
4456,444
4457,370
4458,675
4459,780
4460,209
4461,586
4462,86
4463,323
4464,212
4465,79
4466,88
4467,3
4468,576
4469,622
4470,383
4471,917
4472,794
4473,671
4474,161
4475,282
4476,876
4477,913
4478,864
4479,552
4480,229
4481,49
4482,888
4483,258
4484,790
4485,91
4486,606
4487,90
4488,6
4489,490
4490,386
4491,768
4492,937
4493,106
4494,624
4495,360
4496,337
4497,889
4498,235
4499,452
4500,733
4501,667
4502,889
4503,536
4504,516
4505,770
4506,298
4507,88
4508,887
4509,391
4510,391
4511,170
4512,553
4513,297
4514,256
4515,802
4516,201
4517,891
4518,235
4519,595
4520,601
4521,875
4522,589
4523,287
4524,26
4525,354
4526,392
4527,869
4528,276
4529,421
4530,82
4531,500
4532,86
4533,796
4534,620
4535,852
4536,996
4537,140
4538,396
4539,670
4540,446
4541,799
4542,995
4543,180
4544,448
4545,744
4546,197
4547,927
4548,464
4549,946
4550,327
4551,772
4552,20
4553,986
4554,920
4555,481
4556,80
4557,735
4558,127
4559,48
4560,359
4561,625
4562,497
4563,474
4564,599
4565,992
4566,554
4567,540
4568,801
4569,531
4570,707
4571,661
4572,129
4573,939
4574,501
4575,611
4576,729
4577,59
4578,488
4579,195
4580,153
4581,981
4582,857
4583,699
4584,616
4585,56
4586,423
4587,344
4588,760
4589,450
4590,129
4591,101
4592,471
4593,66
4594,593
4595,890
4596,467
4597,593
4598,453
4599,158
4600,725
4601,491
4602,88
4603,206
4604,232
4605,690
4606,457
4607,339
4608,891
4609,751
4610,968
4611,197
4612,292
4613,945
4614,817
4615,234
4616,959
4617,863
4618,67
4619,320
4620,233
4621,403
4622,919
4623,978
4624,782
4625,194
4626,890
4627,948
4628,972
4629,850
4630,48
4631,342
4632,966
4633,680
4634,615
4635,400
4636,761
4637,267
4638,528
4639,772
4640,95
4641,18
4642,42
4643,996
4644,616
4645,98
4646,975
4647,852
4648,975
4649,447
4650,218
4651,380
4652,267
4653,80
4654,2
4655,998
4656,53
4657,238
4658,651
4659,871
4660,332
4661,15
4662,69
4663,198
4664,492
4665,879
4666,514
4667,220
4668,530
4669,913
4670,804
4671,537
4672,499
4673,690
4674,287
4675,110
4676,544
4677,796
4678,500
4679,205
4680,76
4681,734
4682,205
4683,262
4684,364
4685,862
4686,923
4687,452
4688,62
4689,443
4690,163
4691,489
4692,686
4693,204
4694,875
4695,519
4696,57
4697,297
4698,279
4699,512
4700,538
4701,537
4702,390
4703,761
4704,221
4705,178
4706,799
4707,819
4708,998
4709,481
4710,139
4711,736
4712,63
4713,904
4714,41
4715,393
4716,277
4717,475
4718,327
4719,735
4720,365
4721,148
4722,644
4723,893
4724,877
4725,364
4726,269
4727,91
4728,617
4729,797
4730,54
4731,861
4732,958
4733,278
4734,559
4735,366
4736,795
4737,539
4738,131
4739,914
4740,928
4741,12
4742,852
4743,47
4744,949
4745,583
4746,127
4747,172
4748,109
4749,679
4750,274
4751,706
4752,616
4753,643
4754,723
4755,191
4756,919
4757,285
4758,251
4759,945
4760,270
4761,611
4762,198
4763,903
4764,354
4765,461
4766,343
4767,892
4768,57
4769,158
4770,637
4771,690
4772,27
4773,459
4774,658
4775,402
4776,241
4777,13
4778,568
4779,549
4780,214
4781,424
4782,433
4783,376
4784,37
4785,572
4786,98
4787,655
4788,142
4789,522
4790,138
4791,573
4792,482
4793,847
4794,937
4795,633
4796,446
4797,692
4798,625
4799,770
4800,642
4801,182
4802,219
4803,184
4804,778
4805,394
4806,669
4807,609
4808,391
4809,521
4810,748
4811,607
4812,316
4813,42
4814,940
4815,736
4816,134
4817,295
4818,917
4819,436
4820,271
4821,877
4822,197
4823,964
4824,141
4825,492
4826,492
4827,852
4828,890
4829,881
4830,86
4831,918
4832,718
4833,624
4834,903
4835,430
4836,709
4837,151
4838,368
4839,387
4840,233
4841,340
4842,689
4843,416
4844,230
4845,793
4846,1
4847,605
4848,813
4849,308
4850,540
4851,778
4852,208
4853,386
4854,477
4855,415
4856,261
4857,123
4858,236
4859,510
4860,98
4861,194
4862,487
4863,177
4864,314
4865,64
4866,843
4867,202
4868,378
4869,572
4870,693
4871,985
4872,896
4873,112
4874,894
4875,680
4876,678
4877,440
4878,320
4879,750
4880,741
4881,876
4882,656
4883,834
4884,335
4885,166
4886,183
4887,249
4888,922
4889,308
4890,868
4891,604
4892,245
4893,31
4894,79
4895,451
4896,52
4897,96
4898,467
4899,596
4900,566
4901,59
4902,285
4903,615
4904,557
4905,11
4906,949
4907,244
4908,756
4909,163
4910,958
4911,745
4912,63
4913,287
4914,958
4915,786
4916,496
4917,858
4918,400
4919,178
4920,237
4921,231
4922,485
4923,948
4924,472
4925,97
4926,807
4927,94
4928,454
4929,884
4930,356
4931,139
4932,981
4933,706
4934,416
4935,834
4936,35
4937,948
4938,690
4939,195
4940,984
4941,704
4942,101
4943,920
4944,606
4945,115
4946,975
4947,665
4948,396
4949,439
4950,594
4951,821
4952,6
4953,836
4954,450
4955,815
4956,809
4957,130
4958,434
4959,184
4960,437
4961,241
4962,883
4963,637
4964,807
4965,179
4966,405
4967,647
4968,705
4969,708
4970,125
4971,984
4972,745
4973,920
4974,252
4975,307
4976,489
4977,20
4978,693
4979,618
4980,893
4981,753
4982,81
4983,121
4984,382
4985,923
4986,997
4987,302
4988,294
4989,839
4990,454
4991,175
4992,98
4993,870
4994,260
4995,562
4996,356
4997,115
4998,20
4999,208
5000,428
5001,259
5002,367
5003,702
5004,374
5005,302
5006,784
5007,313
5008,77
5009,989
5010,486
5011,270
5012,610
5013,267
5014,200
5015,965
5016,601
5017,896
5018,403
5019,925
5020,219
5021,312
5022,657
5023,435
5024,501
5025,574
5026,385
5027,395
5028,724
5029,570
5030,668
5031,172
5032,546
5033,177
5034,636
5035,198
5036,142
5037,277
5038,355
5039,389
5040,404
5041,696
5042,38
5043,246
5044,259
5045,990
5046,5
5047,248
5048,715
5049,484
5050,762
5051,914
5052,726
5053,355
5054,461
5055,777
5056,72
5057,780
5058,71
5059,800
5060,622
5061,593
5062,889
5063,890
5064,738
5065,280
5066,913
5067,698
5068,628
5069,16
5070,897
5071,24
5072,147
5073,160
5074,63
5075,969
5076,669
5077,662
5078,939
5079,169
5080,912
5081,583
5082,732
5083,896
5084,900
5085,324
5086,427
5087,198
5088,110
5089,368
5090,817
5091,991
5092,530
5093,170
5094,779
5095,810
5096,2
5097,790
5098,967
5099,41
5100,450
5101,219
5102,115
5103,776
5104,242
5105,364
5106,321
5107,765
5108,877
5109,210
5110,694
5111,835
5112,546
5113,121
5114,681
5115,655
5116,604
5117,679
5118,344
5119,189
5120,79
5121,516
5122,685
5123,296
5124,184
5125,608
5126,10
5127,834
5128,386
5129,697
5130,338
5131,214
5132,388
5133,561
5134,26
5135,146
5136,917
5137,275
5138,52
5139,969
5140,267
5141,331
5142,654
5143,805
5144,942
5145,864
5146,940
5147,991
5148,438
5149,771
5150,141
5151,352
5152,286
5153,272
5154,527
5155,223
5156,64
5157,225
5158,807
5159,892
5160,452
5161,306
5162,705
5163,962
5164,409
5165,252
5166,98
5167,49
5168,765
5169,127
5170,709
5171,625
5172,155
5173,789
5174,46
5175,592
5176,319
5177,223
5178,120
5179,169
5180,283
5181,90
5182,149
5183,783
5184,344
5185,975
5186,208
5187,227
5188,196
5189,947
5190,116
5191,505
5192,731
5193,405
5194,751
5195,515
5196,485
5197,414
5198,125
5199,894
5200,918
5201,63
5202,414
5203,160
5204,64
5205,896
5206,265
5207,818
5208,731
5209,863
5210,447
5211,614
5212,591
5213,520
5214,660
5215,335
5216,274
5217,899
5218,208
5219,783
5220,482
5221,873
5222,159
5223,688
5224,863
5225,385
5226,947
5227,243
5228,854
5229,985
5230,170
5231,988
5232,663
5233,50
5234,517
5235,42
5236,653
5237,38
5238,585
5239,188
5240,444
5241,701
5242,414
5243,150
5244,937
5245,554
5246,462
5247,498
5248,183
5249,477
5250,629
5251,484
5252,510
5253,169
5254,47
5255,276
5256,357
5257,681
5258,299
5259,655
5260,962
5261,70
5262,984
5263,579
5264,287
5265,118
5266,995
5267,62
5268,982
5269,532
5270,983
5271,990
5272,982
5273,217
5274,345
5275,809
5276,818
5277,749
5278,96
5279,860
5280,629
5281,582
5282,92
5283,482
5284,378
5285,809
5286,959
5287,657
5288,413
5289,462
5290,897
5291,13
5292,739
5293,52
5294,351
5295,970
5296,738
5297,711
5298,627
5299,892
5300,138
5301,521
5302,997
5303,422
5304,504
5305,90
5306,430
5307,680
5308,545
5309,49
5310,195
5311,189
5312,504
5313,934
5314,130
5315,870
5316,234
5317,274
5318,15
5319,885
5320,222
5321,471
5322,956
5323,258
5324,83
5325,515
5326,229
5327,749
5328,315
5329,692
5330,498
5331,205
5332,848
5333,418
5334,775
5335,215
5336,237
5337,987
5338,221
5339,776
5340,880
5341,175
5342,917
5343,654
5344,137
5345,253
5346,473
5347,363
5348,404
5349,65
5350,799
5351,540
5352,819
5353,808
5354,661
5355,812
5356,853
5357,623
5358,3
5359,577
5360,47
5361,921
5362,443
5363,296
5364,202
5365,365
5366,883
5367,992
5368,993
5369,799
5370,386
5371,497
5372,563
5373,542
5374,607
5375,773
5376,777
5377,474
5378,604
5379,97
5380,932
5381,55
5382,251
5383,370
5384,58
5385,852
5386,763
5387,593
5388,465
5389,700
5390,259
5391,479
5392,179
5393,208
5394,168
5395,922
5396,886
5397,370
5398,457
5399,451
5400,79
5401,211
5402,806
5403,640
5404,558
5405,141
5406,418
5407,484
5408,386
5409,635
5410,841
5411,821
5412,96
5413,382
5414,54
5415,920
5416,372
5417,729
5418,493
5419,929
5420,107
5421,187
5422,27
5423,764
5424,377
5425,962
5426,657
5427,163
5428,954
5429,640
5430,168
5431,61
5432,183
5433,701
5434,631
5435,821
5436,835
5437,470
5438,141
5439,413
5440,760
5441,568
5442,424
5443,126
5444,35
5445,420
5446,668
5447,146
5448,311
5449,21
5450,531
5451,837
5452,334
5453,547
5454,571
5455,761
5456,960
5457,444
5458,972
5459,122
5460,498
5461,911
5462,702
5463,944
5464,586
5465,754
5466,54
5467,382
5468,764
5469,622
5470,21
5471,512
5472,611
5473,368
5474,110
5475,965
5476,766
5477,598
5478,507
5479,368
5480,909
5481,310
5482,262
5483,458
5484,36
5485,46
5486,554
5487,113
5488,41
5489,484
5490,135
5491,266
5492,632
5493,576
5494,336
5495,205
5496,884
5497,416
5498,201
5499,487
5500,765
5501,132
5502,760
5503,636
5504,780
5505,653
5506,820
5507,859
5508,230
5509,470
5510,891
5511,893
5512,633
5513,844
5514,466
5515,994
5516,415
5517,873
5518,857
5519,72
5520,646
5521,728
5522,399
5523,462
5524,416
5525,979
5526,513
5527,332
5528,672
5529,711
5530,313
5531,133
5532,280
5533,824
5534,480
5535,870
5536,829
5537,242
5538,146
5539,710
5540,792
5541,844
5542,654
5543,647
5544,687
5545,48
5546,627
5547,507
5548,713
5549,305
5550,259
5551,904
5552,242
5553,611
5554,858
5555,849
5556,192
5557,257
5558,995
5559,238
5560,214
5561,114
5562,133
5563,567
5564,755
5565,355
5566,767
5567,291
5568,973
5569,320
5570,470
5571,995
5572,932
5573,326
5574,310
5575,369
5576,107
5577,715
5578,563
5579,68
5580,39
5581,739
5582,893
5583,320
5584,344
5585,627
5586,935
5587,607
5588,451
5589,627
5590,161
5591,570
5592,892
5593,816
5594,272
5595,967
5596,742
5597,840
5598,285
5599,113
5600,126
5601,662
5602,441
5603,120
5604,607
5605,41
5606,297
5607,342
5608,160
5609,811
5610,473
5611,314
5612,768
5613,43
5614,815
5615,297
5616,243
5617,928
5618,394
5619,879
5620,45
5621,65
5622,509
5623,292
5624,117
5625,898
5626,374
5627,681
5628,789
5629,691
5630,113
5631,562
5632,954
5633,642
5634,972
5635,631
5636,234
5637,159
5638,340
5639,17
5640,504
5641,674
5642,974
5643,712
5644,870
5645,508
5646,724
5647,582
5648,436
5649,110
5650,640
5651,906
5652,64
5653,927
5654,753
5655,548
5656,89
5657,585
5658,587
5659,970
5660,100
5661,12
5662,835
5663,14
5664,241
5665,697
5666,579
5667,253
5668,843
5669,385
5670,102
5671,838
5672,41
5673,126
5674,244
5675,344
5676,257
5677,275
5678,935
5679,63
5680,59
5681,30
5682,523
5683,507
5684,593
5685,65
5686,464
5687,602
5688,76
5689,586
5690,541
5691,124
5692,989
5693,915
5694,296
5695,460
5696,900
5697,196
5698,411
5699,682
5700,134
5701,147
5702,50
5703,537
5704,292
5705,569
5706,382
5707,40
5708,281
5709,479
5710,459
5711,64
5712,908
5713,141
5714,776
5715,69
5716,761
5717,891
5718,736
5719,156
5720,254
5721,695
5722,245
5723,869
5724,747
5725,662
5726,127
5727,827
5728,430
5729,390
5730,985
5731,626
5732,811
5733,78
5734,715
5735,169
5736,551
5737,832
5738,994
5739,339
5740,505
5741,429
5742,373
5743,502
5744,766
5745,680
5746,227
5747,294
5748,63
5749,459
5750,733
5751,17
5752,142
5753,417
5754,591
5755,890
5756,546
5757,733
5758,952
5759,730
5760,34
5761,674
5762,296
5763,596
5764,374
5765,282
5766,949
5767,551
5768,16
5769,50
5770,223
5771,988
5772,666
5773,841
5774,468
5775,874
5776,66
5777,24
5778,237
5779,709
5780,253
5781,218
5782,915
5783,834
5784,40
5785,435
5786,461
5787,87
5788,968
5789,422
5790,550
5791,82
5792,780
5793,871
5794,11
5795,1
5796,908
5797,465
5798,382
5799,830
5800,335
5801,280
5802,615
5803,423
5804,524
5805,139
5806,706
5807,613
5808,753
5809,327
5810,680
5811,734
5812,95
5813,398
5814,173
5815,672
5816,732
5817,192
5818,553
5819,43
5820,113
5821,461
5822,395
5823,377
5824,840
5825,887
5826,785
5827,383
5828,408
5829,969
5830,503
5831,518
5832,435
5833,25
5834,877
5835,688
5836,578
5837,992
5838,133
5839,571
5840,925
5841,658
5842,997
5843,783
5844,897
5845,897
5846,932
5847,110
5848,228
5849,823
5850,157
5851,199
5852,667
5853,752
5854,938
5855,501
5856,163
5857,261
5858,402
5859,56
5860,729
5861,121
5862,266
5863,502
5864,854
5865,155
5866,258
5867,773
5868,327
5869,909
5870,901
5871,296
5872,497
5873,578
5874,952
5875,102
5876,985
5877,144
5878,765
5879,784
5880,164
5881,280
5882,261
5883,854
5884,840
5885,528
5886,766
5887,141
5888,861
5889,386
5890,903
5891,11
5892,964
5893,233
5894,911
5895,128
5896,385
5897,104
5898,623
5899,15
5900,88
5901,147
5902,577
5903,773
5904,987
5905,857
5906,759
5907,117
5908,505
5909,920
5910,375
5911,129
5912,395
5913,139
5914,923
5915,967
5916,663
5917,277
5918,85
5919,172
5920,880
5921,61
5922,497
5923,357
5924,374
5925,456
5926,25
5927,458
5928,64
5929,874
5930,344
5931,736
5932,544
5933,862
5934,136
5935,459
5936,83
5937,935
5938,382
5939,362
5940,574
5941,723
5942,795
5943,584
5944,232
5945,718
5946,420
5947,247
5948,197
5949,163
5950,676
5951,390
5952,144
5953,244
5954,284
5955,421
5956,218
5957,365
5958,221
5959,956
5960,439
5961,587
5962,856
5963,321
5964,301
5965,351
5966,996
5967,318
5968,742
5969,129
5970,786
5971,716
5972,138
5973,813
5974,29
5975,630
5976,853
5977,134
5978,772
5979,987
5980,379
5981,735
5982,231
5983,53
5984,366
5985,349
5986,940
5987,776
5988,424
5989,410
5990,684
5991,706
5992,443
5993,159
5994,427
5995,126
5996,358
5997,516
5998,739
5999,745
6000,903
6001,792
6002,862
6003,128
6004,922
6005,201
6006,789
6007,617
6008,252
6009,394
6010,248
6011,410
6012,706
6013,872
6014,425
6015,948
6016,292
6017,897
6018,167
6019,819
6020,260
6021,519
6022,30
6023,803
6024,426
6025,62
6026,643
6027,805
6028,781
6029,359
6030,445
6031,300
6032,415
6033,525
6034,876
6035,438
6036,240
6037,909
6038,84
6039,952
6040,485
6041,555
6042,1000
6043,396
6044,980
6045,505
6046,424
6047,191
6048,119
6049,155
6050,619
6051,762
6052,14
6053,341
6054,839
6055,443
6056,12
6057,911
6058,337
6059,643
6060,174
6061,682
6062,41
6063,126
6064,581
6065,10
6066,778
6067,924
6068,876
6069,411
6070,966
6071,326
6072,766
6073,614
6074,13
6075,870
6076,576
6077,208
6078,584
6079,147
6080,548
6081,927
6082,365
6083,275
6084,929
6085,317
6086,307
6087,923
6088,312
6089,223
6090,782
6091,170
6092,341
6093,414
6094,733
6095,292
6096,941
6097,391
6098,14
6099,760
6100,447
6101,517
6102,408
6103,552
6104,859
6105,421
6106,510
6107,321
6108,957
6109,201
6110,969
6111,640
6112,296
6113,241
6114,537
6115,570
6116,525
6117,390
6118,646
6119,818
6120,206
6121,641
6122,699
6123,398
6124,474
6125,547
6126,268
6127,686
6128,189
6129,799
6130,481
6131,675
6132,614
6133,23
6134,938
6135,284
6136,629
6137,515
6138,164
6139,759
6140,743
6141,785
6142,741
6143,646
6144,788
6145,720
6146,113
6147,48
6148,600
6149,251
6150,809
6151,377
6152,907
6153,777
6154,94
6155,493
6156,476
6157,824
6158,54
6159,451
6160,388
6161,826
6162,39
6163,224
6164,164
6165,665
6166,859
6167,249
6168,786
6169,264
6170,721
6171,625
6172,431
6173,501
6174,994
6175,394
6176,869
6177,505
6178,270
6179,504
6180,644
6181,550
6182,380
6183,939
6184,711
6185,644
6186,761
6187,347
6188,544
6189,755
6190,936
6191,630
6192,791
6193,902
6194,367
6195,79
6196,34
6197,888
6198,288
6199,395
6200,92
6201,898
6202,931
6203,460
6204,932
6205,184
6206,327
6207,201
6208,328
6209,648
6210,151
6211,928
6212,449
6213,523
6214,538
6215,676
6216,486
6217,380
6218,576
6219,64
6220,207
6221,751
6222,402
6223,748
6224,647
6225,515
6226,229
6227,874
6228,235
6229,181
6230,992
6231,504
6232,375
6233,562
6234,613
6235,66
6236,859
6237,150
6238,680
6239,923
6240,508
6241,582
6242,50
6243,550
6244,158
6245,212
6246,195
6247,935
6248,732
6249,249
6250,434
6251,323
6252,861
6253,223
6254,514
6255,109
6256,182
6257,247
6258,32
6259,296
6260,898
6261,388
6262,525
6263,828
6264,493
6265,618
6266,277
6267,268
6268,212
6269,298
6270,356
6271,303
6272,919
6273,569
6274,224
6275,149
6276,525
6277,252
6278,769
6279,393
6280,869
6281,964
6282,145
6283,749
6284,628
6285,879
6286,444
6287,981
6288,444
6289,959
6290,17
6291,115
6292,234
6293,597
6294,375
6295,743
6296,636
6297,282
6298,432
6299,246
6300,201
6301,392
6302,521
6303,508
6304,73
6305,954
6306,334
6307,230
6308,303
6309,382
6310,633
6311,995
6312,366
6313,539
6314,798
6315,849
6316,255
6317,641
6318,512
6319,419
6320,391
6321,210
6322,85
6323,764
6324,551
6325,441
6326,824
6327,868
6328,649
6329,720
6330,399
6331,118
6332,158
6333,198
6334,830
6335,996
6336,764
6337,335
6338,355
6339,245
6340,405
6341,271
6342,106
6343,15
6344,937
6345,810
6346,732
6347,171
6348,334
6349,698
6350,165
6351,70
6352,140
6353,529
6354,991
6355,543
6356,864
6357,418
6358,111
6359,818
6360,208
6361,425
6362,205
6363,837
6364,878
6365,758
6366,511
6367,588
6368,985
6369,820
6370,252
6371,611
6372,558
6373,815
6374,876
6375,621
6376,222
6377,856
6378,496
6379,855
6380,19
6381,471
6382,563
6383,887
6384,553
6385,392
6386,768
6387,272
6388,89
6389,424
6390,864
6391,323
6392,192
6393,969
6394,233
6395,594
6396,707
6397,875
6398,970
6399,942
6400,661
6401,222
6402,395
6403,868
6404,219
6405,337
6406,625
6407,120
6408,885
6409,235
6410,946
6411,500
6412,476
6413,187
6414,686
6415,103
6416,122
6417,879
6418,666
6419,620
6420,930
6421,669
6422,19
6423,660
6424,18
6425,527
6426,425
6427,696
6428,995
6429,917
6430,70
6431,775
6432,729
6433,121
6434,955
6435,655
6436,469
6437,422
6438,780
6439,631
6440,260
6441,962
6442,466
6443,635
6444,95
6445,330
6446,823
6447,919
6448,628
6449,81
6450,946
6451,256
6452,603
6453,76
6454,266
6455,137
6456,595
6457,899
6458,394
6459,778
6460,677
6461,343
6462,45
6463,234
6464,270
6465,747
6466,9
6467,982
6468,893
6469,209
6470,406
6471,857
6472,970
6473,687
6474,228
6475,731
6476,293
6477,396
6478,662
6479,317
6480,87
6481,278
6482,733
6483,73
6484,57
6485,545
6486,89
6487,289
6488,835
6489,138
6490,158
6491,812
6492,910
6493,534
6494,877
6495,271
6496,311
6497,692
6498,252
6499,22
6500,732
6501,831
6502,711
6503,24
6504,76
6505,589
6506,728
6507,444
6508,501
6509,320
6510,818
6511,152
6512,980
6513,504
6514,82
6515,749
6516,297
6517,611
6518,345
6519,904
6520,5
6521,788
6522,245
6523,736
6524,384
6525,82
6526,374
6527,862
6528,947
6529,689
6530,932
6531,435
6532,845
6533,492
6534,303
6535,63
6536,158
6537,82
6538,104
6539,166
6540,970
6541,220
6542,800
6543,263
6544,77
6545,197
6546,949
6547,309
6548,179
6549,310
6550,541
6551,728
6552,268
6553,440
6554,240
6555,895
6556,676
6557,697
6558,403
6559,241
6560,543
6561,917
6562,88
6563,129
6564,330
6565,72
6566,685
6567,994
6568,884
6569,489
6570,313
6571,107
6572,702
6573,261
6574,6
6575,409
6576,12
6577,694
6578,865
6579,728
6580,106
6581,27
6582,394
6583,204
6584,821
6585,326
6586,916
6587,52
6588,115
6589,447
6590,473
6591,735
6592,545
6593,910
6594,494
6595,676
6596,384
6597,872
6598,960
6599,616
6600,992
6601,594
6602,196
6603,975
6604,196
6605,513
6606,653
6607,857
6608,47
6609,146
6610,467
6611,579
6612,326
6613,168
6614,279
6615,767
6616,261
6617,942
6618,413
6619,132
6620,902
6621,491
6622,134
6623,476
6624,299
6625,796
6626,18
6627,265
6628,507
6629,136
6630,691
6631,70
6632,833
6633,43
6634,67
6635,72
6636,490
6637,433
6638,877
6639,220
6640,609
6641,54
6642,217
6643,568
6644,626
6645,567
6646,585
6647,328
6648,34
6649,711
6650,95
6651,566
6652,874
6653,447
6654,780
6655,342
6656,294
6657,187
6658,300
6659,364
6660,694
6661,903
6662,5
6663,460
6664,148
6665,909
6666,451
6667,341
6668,905
6669,708
6670,949
6671,485
6672,513
6673,195
6674,834
6675,94
6676,303
6677,154
6678,100
6679,511
6680,485
6681,574
6682,108
6683,99
6684,655
6685,291
6686,328
6687,219
6688,70
6689,816
6690,977
6691,236
6692,323
6693,705
6694,490
6695,506
6696,575
6697,546
6698,382
6699,288
6700,857
6701,364
6702,494
6703,55
6704,750
6705,746
6706,335
6707,870
6708,368
6709,688
6710,268
6711,10
6712,463
6713,498
6714,109
6715,503
6716,818
6717,155
6718,555
6719,984
6720,45
6721,262
6722,526
6723,804
6724,506
6725,28
6726,744
6727,370
6728,669
6729,45
6730,171
6731,819
6732,776
6733,279
6734,962
6735,202
6736,346
6737,840
6738,732
6739,858
6740,461
6741,801
6742,858
6743,65
6744,856
6745,37
6746,645
6747,138
6748,947
6749,702
6750,732
6751,484
6752,875
6753,165
6754,736
6755,51
6756,214
6757,330
6758,471
6759,741
6760,617
6761,400
6762,613
6763,958
6764,370
6765,758
6766,424
6767,873
6768,785
6769,363
6770,136
6771,284
6772,676
6773,973
6774,372
6775,665
6776,826
6777,964
6778,93
6779,609
6780,21
6781,263
6782,839
6783,534
6784,246
6785,4
6786,117
6787,24
6788,746
6789,420
6790,191
6791,259
6792,451
6793,959
6794,163
6795,705
6796,955
6797,205
6798,417
6799,119
6800,145
6801,921
6802,196
6803,624
6804,296
6805,787
6806,979
6807,807
6808,678
6809,918
6810,387
6811,964
6812,857
6813,189
6814,864
6815,280
6816,74
6817,993
6818,705
6819,376
6820,238
6821,227
6822,287
6823,218
6824,95
6825,408
6826,576
6827,327
6828,609
6829,170
6830,995
6831,470
6832,372
6833,827
6834,287
6835,742
6836,670
6837,311
6838,546
6839,514
6840,108
6841,979
6842,629
6843,279
6844,646
6845,79
6846,723
6847,775
6848,451
6849,63
6850,637
6851,652
6852,742
6853,953
6854,888
6855,245
6856,719
6857,674
6858,771
6859,232
6860,204
6861,656
6862,249
6863,393
6864,886
6865,584
6866,395
6867,490
6868,890
6869,808
6870,562
6871,287
6872,652
6873,741
6874,459
6875,535
6876,695
6877,24
6878,62
6879,540
6880,875
6881,533
6882,402
6883,181
6884,592
6885,333
6886,192
6887,406
6888,940
6889,512
6890,344
6891,57
6892,624
6893,290
6894,525
6895,914
6896,910
6897,182
6898,761
6899,506
6900,676
6901,848
6902,171
6903,939
6904,810
6905,796
6906,293
6907,631
6908,968
6909,53
6910,829
6911,556
6912,907
6913,252
6914,77
6915,879
6916,242
6917,424
6918,618
6919,257
6920,861
6921,421
6922,338
6923,908
6924,420
6925,517
6926,249
6927,340
6928,232
6929,526
6930,855
6931,657
6932,812
6933,424
6934,710
6935,485
6936,4
6937,259
6938,707
6939,769
6940,957
6941,67
6942,923
6943,860
6944,110
6945,125
6946,680
6947,265
6948,21
6949,439
6950,261
6951,176
6952,398
6953,364
6954,229
6955,664
6956,712
6957,309
6958,10
6959,833
6960,532
6961,49
6962,18
6963,806
6964,288
6965,587
6966,372
6967,787
6968,547
6969,259
6970,829
6971,220
6972,720
6973,17
6974,958
6975,100
6976,494
6977,833
6978,61
6979,976
6980,221
6981,632
6982,550
6983,474
6984,438
6985,277
6986,35
6987,181
6988,329
6989,890
6990,453
6991,271
6992,456
6993,444
6994,244
6995,560
6996,517
6997,935
6998,162
6999,118
7000,903
7001,359
7002,846
7003,799
7004,91
7005,246
7006,810
7007,360
7008,377
7009,379
7010,238
7011,216
7012,590
7013,728
7014,172
7015,358
7016,577
7017,857
7018,471
7019,573
7020,374
7021,813
7022,512
7023,83
7024,994
7025,271
7026,818
7027,306
7028,521
7029,147
7030,664
7031,825
7032,903
7033,808
7034,718
7035,106
7036,968
7037,616
7038,769
7039,1000
7040,580
7041,678
7042,143
7043,628
7044,592
7045,292
7046,630
7047,550
7048,720
7049,282
7050,669
7051,6
7052,758
7053,666
7054,354
7055,963
7056,1
7057,431
7058,70
7059,688
7060,107
7061,848
7062,143
7063,52
7064,33
7065,791
7066,754
7067,16
7068,145
7069,505
7070,21
7071,582
7072,580
7073,953
7074,741
7075,551
7076,166
7077,442
7078,139
7079,437
7080,434
7081,128
7082,503
7083,624
7084,849
7085,119
7086,317
7087,341
7088,390
7089,682
7090,984
7091,942
7092,589
7093,680
7094,255
7095,474
7096,8
7097,106
7098,372
7099,412
7100,570
7101,79
7102,893
7103,575
7104,314
7105,11
7106,585
7107,198
7108,588
7109,213
7110,715
7111,77
7112,807
7113,715
7114,749
7115,274
7116,815
7117,39
7118,947
7119,412
7120,419
7121,348
7122,735
7123,391
7124,6
7125,342
7126,337
7127,25
7128,548
7129,909
7130,422
7131,475
7132,228
7133,118
7134,26
7135,260
7136,106
7137,939
7138,570
7139,256
7140,475
7141,765
7142,552
7143,185
7144,510
7145,796
7146,720
7147,656
7148,280
7149,272
7150,350
7151,987
7152,549
7153,400
7154,992
7155,882
7156,414
7157,765
7158,472
7159,551
7160,527
7161,315
7162,562
7163,272
7164,588
7165,950
7166,409
7167,497
7168,310
7169,720
7170,90
7171,902
7172,491
7173,435
7174,822
7175,463
7176,602
7177,186
7178,622
7179,359
7180,373
7181,188
7182,894
7183,817
7184,950
7185,799
7186,519
7187,444
7188,819
7189,906
7190,169
7191,384
7192,48
7193,603
7194,283
7195,615
7196,101
7197,316
7198,348
7199,535
7200,45
7201,776
7202,778
7203,584
7204,909
7205,82
7206,206
7207,393
7208,641
7209,552
7210,548
7211,197
7212,648
7213,417
7214,800
7215,445
7216,175
7217,890
7218,839
7219,590
7220,804
7221,25
7222,676
7223,2
7224,635
7225,224
7226,296
7227,261
7228,273
7229,546
7230,810
7231,269
7232,509
7233,49
7234,289
7235,966
7236,745
7237,450
7238,807
7239,866
7240,25
7241,740
7242,853
7243,834
7244,236
7245,634
7246,337
7247,190
7248,416
7249,568
7250,120
7251,586
7252,304
7253,955
7254,369
7255,966
7256,647
7257,453
7258,636
7259,319
7260,381
7261,754
7262,757
7263,352
7264,47
7265,53
7266,275
7267,295
7268,953
7269,184
7270,217
7271,425
7272,491
7273,344
7274,113
7275,24
7276,927
7277,282
7278,520
7279,986
7280,563
7281,408
7282,114
7283,519
7284,631
7285,984
7286,916
7287,49
7288,159
7289,149
7290,856
7291,917
7292,734
7293,139
7294,967
7295,890
7296,216
7297,193
7298,802
7299,45
7300,848
7301,242
7302,568
7303,258
7304,908
7305,112
7306,324
7307,352
7308,198
7309,623
7310,754
7311,10
7312,359
7313,589
7314,911
7315,988
7316,976
7317,763
7318,656
7319,349
7320,878
7321,875
7322,615
7323,922
7324,608
7325,399
7326,325
7327,892
7328,414
7329,565
7330,695
7331,833
7332,201
7333,48
7334,204
7335,401
7336,331
7337,346
7338,145
7339,815
7340,767
7341,667
7342,493
7343,327
7344,567
7345,85
7346,720
7347,97
7348,790
7349,548
7350,327
7351,28
7352,617
7353,817
7354,117
7355,317
7356,120
7357,397
7358,489
7359,724
7360,660
7361,191
7362,486
7363,79
7364,559
7365,438
7366,373
7367,14
7368,25
7369,78
7370,526
7371,812
7372,181
7373,590
7374,617
7375,656
7376,721
7377,159
7378,399
7379,555
7380,674
7381,881
7382,769
7383,903
7384,66
7385,488
7386,782
7387,765
7388,165
7389,783
7390,533
7391,249
7392,814
7393,835
7394,97
7395,643
7396,990
7397,740
7398,48
7399,862
7400,772
7401,518
7402,508
7403,852
7404,853
7405,83
7406,656
7407,370
7408,757
7409,610
7410,955
7411,729
7412,672
7413,841
7414,669
7415,584
7416,159
7417,130
7418,876
7419,393
7420,565
7421,653
7422,695
7423,11
7424,450
7425,820
7426,879
7427,329
7428,988
7429,60
7430,932
7431,807
7432,996
7433,203
7434,769
7435,485
7436,837
7437,81
7438,361
7439,721
7440,17
7441,847
7442,228
7443,657
7444,681
7445,599
7446,168
7447,677
7448,200
7449,857
7450,480
7451,927
7452,113
7453,159
7454,945
7455,708
7456,184
7457,6
7458,249
7459,337
7460,762
7461,272
7462,262
7463,901
7464,218
7465,971
7466,40
7467,603
7468,296
7469,144
7470,33
7471,578
7472,358
7473,295
7474,603
7475,327
7476,271
7477,997
7478,50
7479,117
7480,841
7481,537
7482,553
7483,174
7484,585
7485,635
7486,707
7487,71
7488,1
7489,205
7490,708
7491,58
7492,197
7493,210
7494,716
7495,870
7496,820
7497,840
7498,864
7499,128
7500,589
7501,183
7502,503
7503,943
7504,656
7505,779
7506,242
7507,757
7508,457
7509,235
7510,649
7511,970
7512,418
7513,56
7514,398
7515,999
7516,302
7517,475
7518,384
7519,127
7520,6
7521,771
7522,759
7523,855
7524,505
7525,467
7526,286
7527,793
7528,561
7529,650
7530,630
7531,981
7532,761
7533,600
7534,463
7535,647
7536,488
7537,138
7538,317
7539,739
7540,234
7541,690
7542,475
7543,910
7544,157
7545,886
7546,459
7547,880
7548,658
7549,825
7550,101
7551,657
7552,839
7553,138
7554,134
7555,783
7556,760
7557,668
7558,242
7559,25
7560,581
7561,123
7562,881
7563,769
7564,541
7565,725
7566,173
7567,237
7568,227
7569,870
7570,189
7571,713
7572,989
7573,98
7574,592
7575,809
7576,134
7577,690
7578,849
7579,995
7580,251
7581,877
7582,669
7583,862
7584,871
7585,425
7586,479
7587,564
7588,2
7589,671
7590,759
7591,665
7592,54
7593,761
7594,345
7595,501
7596,92
7597,21
7598,962
7599,964
7600,633
7601,202
7602,9
7603,851
7604,506
7605,495
7606,513
7607,222
7608,989
7609,531
7610,460
7611,326
7612,581
7613,206
7614,482
7615,764
7616,626
7617,602
7618,255
7619,908
7620,388
7621,978
7622,872
7623,483
7624,357
7625,249
7626,980
7627,476
7628,994
7629,248
7630,276
7631,582
7632,578
7633,604
7634,489
7635,433
7636,254
7637,236
7638,722
7639,772
7640,180
7641,715
7642,247
7643,78
7644,206
7645,362
7646,401
7647,256
7648,369
7649,230
7650,870
7651,429
7652,675
7653,286
7654,904
7655,363
7656,151
7657,316
7658,865
7659,602
7660,911
7661,559
7662,937
7663,165
7664,688
7665,332
7666,946
7667,184
7668,805
7669,353
7670,990
7671,986
7672,164
7673,512
7674,907
7675,380
7676,947
7677,952
7678,845
7679,559
7680,639
7681,55
7682,239
7683,857
7684,924
7685,201
7686,313
7687,656
7688,114
7689,399
7690,934
7691,145
7692,303
7693,981
7694,282
7695,434
7696,703
7697,850
7698,501
7699,320
7700,338
7701,536
7702,1000
7703,780
7704,943
7705,970
7706,33
7707,513
7708,907
7709,949
7710,252
7711,965
7712,774
7713,885
7714,897
7715,887
7716,728
7717,145
7718,725
7719,215
7720,268
7721,200
7722,469
7723,136
7724,595
7725,7
7726,692
7727,21
7728,211
7729,389
7730,961
7731,294
7732,158
7733,852
7734,730
7735,264
7736,632
7737,462
7738,262
7739,280
7740,507
7741,172
7742,389
7743,728
7744,610
7745,745
7746,131
7747,533
7748,338
7749,455
7750,621
7751,133
7752,112
7753,232
7754,980
7755,269
7756,307
7757,54
7758,688
7759,915
7760,12
7761,493
7762,479
7763,226
7764,706
7765,786
7766,278
7767,563
7768,594
7769,235
7770,809
7771,639
7772,856
7773,421
7774,676
7775,205
7776,461
7777,243
7778,730
7779,823
7780,814
7781,605
7782,877
7783,713
7784,774
7785,75
7786,198
7787,654
7788,60
7789,559
7790,871
7791,137
7792,864
7793,261
7794,57
7795,621
7796,836
7797,555
7798,827
7799,664
7800,573
7801,374
7802,335
7803,904
7804,225
7805,267
7806,971
7807,155
7808,76
7809,943
7810,504
7811,967
7812,189
7813,168
7814,387
7815,591
7816,671
7817,781
7818,671
7819,231
7820,170
7821,693
7822,188
7823,259
7824,647
7825,423
7826,643
7827,838
7828,765
7829,329
7830,836
7831,123
7832,648
7833,460
7834,917
7835,220
7836,781
7837,493
7838,241
7839,612
7840,427
7841,766
7842,125
7843,973
7844,806
7845,83
7846,744
7847,493
7848,363
7849,518
7850,801
7851,829
7852,360
7853,431
7854,196
7855,65
7856,789
7857,855
7858,35
7859,406
7860,860
7861,124
7862,839
7863,847
7864,663
7865,747
7866,119
7867,874
7868,264
7869,657
7870,510
7871,772
7872,801
7873,314
7874,500
7875,715
7876,641
7877,5
7878,989
7879,688
7880,506
7881,395
7882,757
7883,211
7884,546
7885,418
7886,140
7887,837
7888,670
7889,185
7890,17
7891,580
7892,217
7893,942
7894,741
7895,582
7896,355
7897,564
7898,908
7899,68
7900,206
7901,896
7902,974
7903,481
7904,968
7905,929
7906,51
7907,630
7908,842
7909,871
7910,655
7911,336
7912,329
7913,81
7914,247
7915,612
7916,252
7917,892
7918,646
7919,251
7920,1
7921,883
7922,183
7923,6
7924,920
7925,688
7926,139
7927,129
7928,547
7929,439
7930,97
7931,832
7932,746
7933,688
7934,661
7935,843
7936,603
7937,437
7938,431
7939,534
7940,219
7941,195
7942,699
7943,606
7944,127
7945,928
7946,289
7947,800
7948,712
7949,914
7950,8
7951,938
7952,86
7953,471
7954,285
7955,969
7956,575
7957,251
7958,68
7959,114
7960,933
7961,800
7962,223
7963,673
7964,556
7965,160
7966,970
7967,188
7968,482
7969,312
7970,891
7971,258
7972,602
7973,767
7974,872
7975,887
7976,314
7977,682
7978,148
7979,954
7980,871
7981,440
7982,851
7983,17
7984,846
7985,195
7986,324
7987,669
7988,73
7989,219
7990,545
7991,150
7992,2
7993,527
7994,926
7995,430
7996,180
7997,945
7998,297
7999,50
8000,808
8001,780
8002,974
8003,351
8004,214
8005,449
8006,357
8007,179
8008,188
8009,506
8010,704
8011,583
8012,8
8013,44
8014,324
8015,523
8016,757
8017,135
8018,312
8019,898
8020,598
8021,379
8022,898
8023,935
8024,167
8025,116
8026,412
8027,579
8028,901
8029,321
8030,89
8031,949
8032,664
8033,864
8034,435
8035,418
8036,864
8037,103
8038,313
8039,213
8040,778
8041,161
8042,229
8043,274
8044,870
8045,696
8046,269
8047,391
8048,83
8049,437
8050,824
8051,110
8052,198
8053,230
8054,395
8055,703
8056,115
8057,408
8058,697
8059,732
8060,269
8061,670
8062,619
8063,201
8064,324
8065,740
8066,608
8067,881
8068,66
8069,475
8070,218
8071,657
8072,535
8073,303
8074,513
8075,959
8076,361
8077,755
8078,788
8079,56
8080,67
8081,634
8082,463
8083,167
8084,364
8085,312
8086,382
8087,122
8088,587
8089,92
8090,939
8091,558
8092,136
8093,439
8094,874
8095,282
8096,294
8097,74
8098,623
8099,109
8100,569
8101,15
8102,421
8103,94
8104,987
8105,382
8106,154
8107,41
8108,336
8109,857
8110,604
8111,473
8112,866
8113,380
8114,965
8115,720
8116,413
8117,900
8118,34
8119,54
8120,211
8121,808
8122,228
8123,230
8124,897
8125,417
8126,401
8127,590
8128,923
8129,390
8130,558
8131,97
8132,371
8133,231
8134,60
8135,152
8136,726
8137,236
8138,828
8139,708
8140,396
8141,750
8142,244
8143,904
8144,886
8145,410
8146,923
8147,923
8148,38
8149,192
8150,136
8151,882
8152,199
8153,503
8154,985
8155,885
8156,890
8157,66
8158,864
8159,918
8160,688
8161,337
8162,361
8163,573
8164,686
8165,280
8166,691
8167,650
8168,399
8169,504
8170,202
8171,687
8172,960
8173,703
8174,937
8175,219
8176,75
8177,585
8178,510
8179,753
8180,270
8181,272
8182,766
8183,600
8184,686
8185,985
8186,526
8187,496
8188,35
8189,395
8190,530
8191,553
8192,286
8193,307
8194,414
8195,852
8196,662
8197,78
8198,75
8199,194
8200,782
8201,152
8202,446
8203,849
8204,298
8205,99
8206,740
8207,259
8208,588
8209,546
8210,476
8211,875
8212,450
8213,161
8214,190
8215,153
8216,722
8217,123
8218,567
8219,707
8220,21
8221,772
8222,89
8223,75
8224,296
8225,653
8226,265
8227,101
8228,988
8229,722
8230,9
8231,650
8232,690
8233,670
8234,847
8235,101
8236,80
8237,991
8238,83
8239,674
8240,391
8241,756
8242,369
8243,273
8244,576
8245,756
8246,31
8247,5
8248,248
8249,633
8250,560
8251,514
8252,697
8253,398
8254,296
8255,880
8256,145
8257,234
8258,139
8259,857
8260,422
8261,17
8262,230
8263,885
8264,7
8265,79
8266,621
8267,641
8268,738
8269,192
8270,130
8271,693
8272,371
8273,146
8274,268
8275,645
8276,554
8277,372
8278,231
8279,132
8280,306
8281,711
8282,122
8283,536
8284,556
8285,164
8286,454
8287,220
8288,14
8289,272
8290,665
8291,299
8292,98
8293,256
8294,188
8295,484
8296,862
8297,232
8298,942
8299,363
8300,635
8301,916
8302,557
8303,450
8304,788
8305,396
8306,327
8307,143
8308,121
8309,206
8310,779
8311,129
8312,645
8313,271
8314,902
8315,790
8316,872
8317,859
8318,354
8319,675
8320,563
8321,390
8322,819
8323,559
8324,963
8325,44
8326,294
8327,943
8328,407
8329,890
8330,296
8331,80
8332,450
8333,841
8334,487
8335,689
8336,563
8337,281
8338,794
8339,916
8340,946
8341,204
8342,529
8343,132
8344,563
8345,355
8346,877
8347,706
8348,302
8349,382
8350,821
8351,187
8352,876
8353,820
8354,322
8355,503
8356,773
8357,800
8358,492
8359,238
8360,987
8361,567
8362,244
8363,421
8364,330
8365,400
8366,877
8367,114
8368,880
8369,345
8370,836
8371,997
8372,333
8373,998
8374,83
8375,47
8376,884
8377,236
8378,784
8379,116
8380,122
8381,327
8382,424
8383,248
8384,216
8385,629
8386,729
8387,388
8388,371
8389,345
8390,8
8391,300
8392,735
8393,763
8394,848
8395,217
8396,486
8397,462
8398,25
8399,935
8400,822
8401,437
8402,431
8403,260
8404,585
8405,766
8406,307
8407,71
8408,819
8409,846
8410,148
8411,878
8412,658
8413,173
8414,293
8415,869
8416,835
8417,374
8418,617
8419,555
8420,874
8421,349
8422,4
8423,912
8424,348
8425,644
8426,680
8427,518
8428,176
8429,203
8430,730
8431,570
8432,979
8433,29
8434,755
8435,244
8436,562
8437,494
8438,333
8439,841
8440,199
8441,104
8442,193
8443,665
8444,482
8445,42
8446,777
8447,878
8448,72
8449,876
8450,185
8451,423
8452,24
8453,902
8454,828
8455,775
8456,14
8457,831
8458,430
8459,166
8460,442
8461,986
8462,325
8463,784
8464,362
8465,745
8466,625
8467,441
8468,371
8469,187
8470,490
8471,922
8472,629
8473,393
8474,799
8475,726
8476,264
8477,378
8478,812
8479,273
8480,886
8481,732
8482,245
8483,567
8484,358
8485,353
8486,525
8487,44
8488,774
8489,785
8490,471
8491,200
8492,303
8493,525
8494,574
8495,798
8496,549
8497,674
8498,255
8499,994
8500,726
8501,922
8502,802
8503,193
8504,870
8505,638
8506,772
8507,400
8508,634
8509,98
8510,53
8511,715
8512,802
8513,864
8514,955
8515,848
8516,73
8517,747
8518,348
8519,111
8520,493
8521,252
8522,82
8523,63
8524,974
8525,607
8526,964
8527,404
8528,754
8529,140
8530,143
8531,670
8532,511
8533,695
8534,762
8535,986
8536,598
8537,836
8538,719
8539,798
8540,953
8541,271
8542,85
8543,422
8544,374
8545,61
8546,115
8547,635
8548,87
8549,440
8550,249
8551,743
8552,627
8553,574
8554,549
8555,911
8556,748
8557,901
8558,425
8559,914
8560,170
8561,426
8562,903
8563,910
8564,278
8565,367
8566,295
8567,417
8568,38
8569,752
8570,640
8571,38
8572,768
8573,420
8574,871
8575,190
8576,551
8577,449
8578,67
8579,445
8580,65
8581,472
8582,990
8583,921
8584,679
8585,534
8586,154
8587,402
8588,403
8589,32
8590,151
8591,278
8592,255
8593,653
8594,852
8595,386
8596,384
8597,448
8598,839
8599,260
8600,538
8601,817
8602,743
8603,972
8604,988
8605,234
8606,523
8607,113
8608,375
8609,141
8610,422
8611,213
8612,986
8613,993
8614,183
8615,785
8616,61
8617,469
8618,573
8619,736
8620,966
8621,178
8622,721
8623,293
8624,787
8625,259
8626,210
8627,488
8628,19
8629,550
8630,397
8631,851
8632,262
8633,301
8634,42
8635,999
8636,4
8637,412
8638,403
8639,29
8640,688
8641,963
8642,839
8643,859
8644,956
8645,623
8646,188
8647,126
8648,451
8649,881
8650,517
8651,550
8652,976
8653,983
8654,479
8655,45
8656,898
8657,890
8658,978
8659,593
8660,131
8661,832
8662,43
8663,362
8664,813
8665,775
8666,986
8667,605
8668,941
8669,95
8670,775
8671,27
8672,955
8673,32
8674,126
8675,384
8676,70
8677,901
8678,138
8679,393
8680,186
8681,40
8682,510
8683,939
8684,494
8685,424
8686,76
8687,128
8688,550
8689,830
8690,500
8691,696
8692,862
8693,205
8694,189
8695,692
8696,386
8697,993
8698,606
8699,32
8700,287
8701,169
8702,937
8703,629
8704,900
8705,805
8706,823
8707,450
8708,921
8709,74
8710,884
8711,794
8712,259
8713,890
8714,103
8715,694
8716,953
8717,603
8718,901
8719,303
8720,414
8721,981
8722,841
8723,105
8724,87
8725,277
8726,249
8727,906
8728,798
8729,906
8730,351
8731,926
8732,956
8733,789
8734,485
8735,738
8736,231
8737,679
8738,127
8739,622
8740,857
8741,415
8742,504
8743,286
8744,96
8745,732
8746,910
8747,964
8748,597
8749,711
8750,830
8751,614
8752,156
8753,254
8754,135
8755,415
8756,102
8757,800
8758,638
8759,677
8760,585
8761,490
8762,404
8763,888
8764,672
8765,21
8766,514
8767,533
8768,886
8769,346
8770,725
8771,483
8772,211
8773,719
8774,421
8775,946
8776,833
8777,769
8778,635
8779,191
8780,936
8781,285
8782,533
8783,941
8784,422
8785,933
8786,651
8787,793
8788,229
8789,197
8790,599
8791,795
8792,412
8793,788
8794,50
8795,784
8796,278
8797,865
8798,232
8799,529
8800,919
8801,394
8802,857
8803,614
8804,458
8805,113
8806,547
8807,226
8808,676
8809,128
8810,734
8811,203
8812,711
8813,175
8814,256
8815,547
8816,517
8817,392
8818,713
8819,397
8820,266
8821,595
8822,183
8823,921
8824,29
8825,767
8826,995
8827,318
8828,540
8829,96
8830,143
8831,650
8832,562
8833,777
8834,525
8835,942
8836,997
8837,174
8838,890
8839,156
8840,420
8841,92
8842,144
8843,134
8844,981
8845,934
8846,590
8847,859
8848,165
8849,456
8850,861
8851,325
8852,957
8853,308
8854,963
8855,490
8856,630
8857,693
8858,385
8859,82
8860,412
8861,396
8862,80
8863,318
8864,103
8865,625
8866,109
8867,833
8868,331
8869,335
8870,508
8871,127
8872,315
8873,391
8874,558
8875,238
8876,717
8877,46
8878,504
8879,608
8880,254
8881,481
8882,463
8883,504
8884,630
8885,443
8886,741
8887,921
8888,838
8889,41
8890,986
8891,880
8892,29
8893,512
8894,650
8895,546
8896,227
8897,136
8898,746
8899,120
8900,573
8901,655
8902,34
8903,320
8904,427
8905,447
8906,648
8907,675
8908,969
8909,995
8910,763
8911,448
8912,447
8913,538
8914,572
8915,5
8916,814
8917,485
8918,477
8919,798
8920,515
8921,874
8922,653
8923,778
8924,862
8925,555
8926,783
8927,26
8928,48
8929,707
8930,788
8931,693
8932,840
8933,666
8934,204
8935,528
8936,404
8937,671
8938,543
8939,866
8940,168
8941,978
8942,895
8943,595
8944,462
8945,153
8946,238
8947,59
8948,207
8949,301
8950,445
8951,468
8952,175
8953,638
8954,533
8955,572
8956,419
8957,595
8958,180
8959,723
8960,372
8961,368
8962,760
8963,870
8964,940
8965,425
8966,477
8967,247
8968,340
8969,424
8970,340
8971,793
8972,680
8973,477
8974,799
8975,73
8976,837
8977,317
8978,63
8979,967
8980,105
8981,99
8982,858
8983,739
8984,368
8985,550
8986,328
8987,553
8988,34
8989,917
8990,149
8991,814
8992,147
8993,979
8994,57
8995,873
8996,974
8997,979
8998,666
8999,595
9000,68
9001,709
9002,588
9003,374
9004,555
9005,516
9006,8
9007,34
9008,336
9009,702
9010,996
9011,550
9012,940
9013,291
9014,280
9015,666
9016,653
9017,698
9018,490
9019,372
9020,855
9021,57
9022,407
9023,156
9024,451
9025,63
9026,749
9027,136
9028,880
9029,193
9030,700
9031,673
9032,558
9033,653
9034,631
9035,684
9036,7
9037,18
9038,562
9039,876
9040,577
9041,523
9042,303
9043,551
9044,45
9045,492
9046,728
9047,740
9048,755
9049,189
9050,166
9051,124
9052,985
9053,751
9054,433
9055,824
9056,752
9057,154
9058,170
9059,850
9060,513
9061,196
9062,334
9063,944
9064,380
9065,788
9066,501
9067,445
9068,673
9069,544
9070,680
9071,954
9072,457
9073,17
9074,722
9075,923
9076,525
9077,397
9078,568
9079,149
9080,204
9081,858
9082,576
9083,405
9084,869
9085,522
9086,984
9087,225
9088,399
9089,435
9090,703
9091,100
9092,757
9093,679
9094,404
9095,35
9096,64
9097,380
9098,13
9099,391
9100,93
9101,133
9102,694
9103,9
9104,660
9105,442
9106,254
9107,788
9108,88
9109,240
9110,267
9111,352
9112,377
9113,551
9114,658
9115,775
9116,198
9117,775
9118,484
9119,765
9120,840
9121,475
9122,350
9123,13
9124,686
9125,983
9126,440
9127,157
9128,752
9129,573
9130,139
9131,749
9132,78
9133,896
9134,891
9135,474
9136,807
9137,876
9138,203
9139,903
9140,66
9141,137
9142,143
9143,240
9144,162
9145,622
9146,649
9147,283
9148,40
9149,630
9150,355
9151,407
9152,78
9153,143
9154,419
9155,267
9156,780
9157,219
9158,687
9159,597
9160,440
9161,257
9162,7
9163,765
9164,297
9165,22
9166,219
9167,410
9168,342
9169,288
9170,194
9171,588
9172,787
9173,376
9174,153
9175,558
9176,343
9177,74
9178,731
9179,667
9180,492
9181,778
9182,618
9183,962
9184,750
9185,643
9186,821
9187,346
9188,180
9189,917
9190,716
9191,185
9192,472
9193,6
9194,935
9195,662
9196,862
9197,171
9198,435
9199,276
9200,945
9201,258
9202,479
9203,939
9204,133
9205,157
9206,660
9207,584
9208,158
9209,905
9210,226
9211,217
9212,297
9213,364
9214,845
9215,2
9216,586
9217,610
9218,740
9219,380
9220,314
9221,308
9222,135
9223,242
9224,244
9225,640
9226,239
9227,236
9228,173
9229,999
9230,525
9231,588
9232,216
9233,355
9234,597
9235,984
9236,835
9237,223
9238,976
9239,835
9240,544
9241,155
9242,11
9243,639
9244,835
9245,321
9246,854
9247,518
9248,307
9249,293
9250,819
9251,475
9252,197
9253,561
9254,758
9255,679
9256,227
9257,237
9258,21
9259,877
9260,616
9261,718
9262,720
9263,784
9264,66
9265,351
9266,707
9267,708
9268,172
9269,640
9270,771
9271,178
9272,372
9273,658
9274,343
9275,557
9276,376
9277,241
9278,303
9279,963
9280,272
9281,519
9282,777
9283,397
9284,22
9285,963
9286,280
9287,40
9288,59
9289,825
9290,157
9291,724
9292,189
9293,280
9294,199
9295,803
9296,727
9297,881
9298,100
9299,707
9300,886
9301,10
9302,246
9303,293
9304,216
9305,167
9306,470
9307,879
9308,965
9309,312
9310,77
9311,976
9312,281
9313,244
9314,631
9315,879
9316,91
9317,995
9318,348
9319,186
9320,64
9321,624
9322,253
9323,712
9324,360
9325,409
9326,740
9327,828
9328,629
9329,803
9330,944
9331,101
9332,797
9333,476
9334,239
9335,92
9336,185
9337,264
9338,833
9339,540
9340,467
9341,789
9342,268
9343,265
9344,833
9345,945
9346,569
9347,359
9348,812
9349,632
9350,878
9351,630
9352,553
9353,846
9354,919
9355,14
9356,792
9357,556
9358,578
9359,606
9360,301
9361,823
9362,531
9363,501
9364,142
9365,704
9366,863
9367,891
9368,197
9369,912
9370,377
9371,206
9372,155
9373,547
9374,681
9375,1
9376,391
9377,233
9378,150
9379,458
9380,658
9381,237
9382,433
9383,523
9384,202
9385,73
9386,515
9387,942
9388,945
9389,356
9390,209
9391,815
9392,455
9393,814
9394,799
9395,948
9396,97
9397,626
9398,81
9399,78
9400,562
9401,70
9402,972
9403,867
9404,778
9405,23
9406,693
9407,302
9408,767
9409,613
9410,2
9411,111
9412,725
9413,927
9414,271
9415,800
9416,567
9417,604
9418,533
9419,79
9420,587
9421,226
9422,717
9423,537
9424,151
9425,940
9426,945
9427,499
9428,594
9429,525
9430,611
9431,106
9432,151
9433,78
9434,313
9435,235
9436,94
9437,714
9438,554
9439,458
9440,929
9441,326
9442,976
9443,251
9444,726
9445,451
9446,481
9447,953
9448,560
9449,184
9450,930
9451,648
9452,879
9453,46
9454,191
9455,103
9456,792
9457,43
9458,101
9459,473
9460,903
9461,928
9462,861
9463,910
9464,649
9465,32
9466,101
9467,49
9468,106
9469,540
9470,213
9471,249
9472,372
9473,353
9474,175
9475,835
9476,45
9477,490
9478,7
9479,946
9480,535
9481,919
9482,601
9483,341
9484,35
9485,892
9486,60
9487,768
9488,608
9489,598
9490,881
9491,678
9492,500
9493,555
9494,46
9495,5
9496,86
9497,157
9498,990
9499,54
9500,349
9501,224
9502,199
9503,996
9504,92
9505,440
9506,284
9507,501
9508,241
9509,294
9510,846
9511,637
9512,72
9513,670
9514,688
9515,426
9516,981
9517,94
9518,188
9519,433
9520,662
9521,311
9522,440
9523,558
9524,849
9525,486
9526,898
9527,185
9528,907
9529,162
9530,41
9531,146
9532,386
9533,851
9534,413
9535,484
9536,247
9537,549
9538,399
9539,800
9540,658
9541,128
9542,893
9543,780
9544,867
9545,922
9546,101
9547,484
9548,452
9549,606
9550,400
9551,874
9552,949
9553,661
9554,386
9555,356
9556,656
9557,696
9558,121
9559,755
9560,452
9561,153
9562,667
9563,378
9564,595
9565,422
9566,152
9567,881
9568,27
9569,104
9570,583
9571,753
9572,845
9573,21
9574,103
9575,6
9576,597
9577,371
9578,289
9579,506
9580,372
9581,738
9582,80
9583,667
9584,763
9585,732
9586,408
9587,204
9588,371
9589,848
9590,392
9591,88
9592,988
9593,313
9594,821
9595,86
9596,739
9597,743
9598,6
9599,961
9600,323
9601,270
9602,959
9603,38
9604,948
9605,776
9606,202
9607,652
9608,734
9609,665
9610,653
9611,750
9612,36
9613,503
9614,735
9615,591
9616,470
9617,475
9618,703
9619,491
9620,275
9621,222
9622,151
9623,530
9624,616
9625,890
9626,710
9627,20
9628,408
9629,518
9630,873
9631,569
9632,285
9633,697
9634,567
9635,228
9636,830
9637,10
9638,18
9639,668
9640,288
9641,660
9642,248
9643,561
9644,87
9645,919
9646,133
9647,745
9648,813
9649,954
9650,267
9651,497
9652,156
9653,928
9654,804
9655,97
9656,48
9657,561
9658,515
9659,259
9660,564
9661,701
9662,188
9663,497
9664,815
9665,701
9666,592
9667,566
9668,429
9669,333
9670,151
9671,976
9672,282
9673,341
9674,159
9675,776
9676,7
9677,559
9678,416
9679,564
9680,151
9681,372
9682,640
9683,312
9684,754
9685,16
9686,837
9687,220
9688,680
9689,461
9690,361
9691,553
9692,768
9693,107
9694,996
9695,882
9696,149
9697,959
9698,870
9699,251
9700,738
9701,894
9702,606
9703,265
9704,956
9705,100
9706,762
9707,446
9708,583
9709,37
9710,415
9711,941
9712,307
9713,58
9714,895
9715,78
9716,198
9717,326
9718,699
9719,637
9720,153
9721,413
9722,87
9723,20
9724,102
9725,598
9726,76
9727,608
9728,844
9729,249
9730,852
9731,554
9732,629
9733,766
9734,908
9735,449
9736,234
9737,586
9738,497
9739,577
9740,745
9741,81
9742,873
9743,21
9744,747
9745,238
9746,867
9747,628
9748,750
9749,606
9750,734
9751,146
9752,347
9753,724
9754,444
9755,203
9756,480
9757,273
9758,620
9759,647
9760,617
9761,597
9762,107
9763,858
9764,538
9765,887
9766,684
9767,315
9768,838
9769,707
9770,743
9771,252
9772,796
9773,59
9774,996
9775,473
9776,48
9777,200
9778,249
9779,371
9780,716
9781,154
9782,923
9783,916
9784,523
9785,195
9786,195
9787,374
9788,794
9789,513
9790,37
9791,162
9792,436
9793,105
9794,280
9795,113
9796,109
9797,275
9798,894
9799,622
9800,52
9801,69
9802,149
9803,849
9804,918
9805,353
9806,15
9807,903
9808,990
9809,416
9810,397
9811,371
9812,749
9813,140
9814,254
9815,429
9816,343
9817,267
9818,246
9819,449
9820,155
9821,849
9822,585
9823,436
9824,831
9825,97
9826,215
9827,290
9828,341
9829,449
9830,651
9831,334
9832,941
9833,487
9834,510
9835,426
9836,525
9837,464
9838,369
9839,941
9840,635
9841,640
9842,219
9843,73
9844,140
9845,72
9846,326
9847,392
9848,195
9849,123
9850,725
9851,446
9852,147
9853,195
9854,570
9855,260
9856,39
9857,715
9858,804
9859,316
9860,723
9861,228
9862,748
9863,792
9864,117
9865,664
9866,199
9867,759
9868,306
9869,52
9870,677
9871,393
9872,166
9873,10
9874,492
9875,217
9876,130
9877,248
9878,34
9879,57
9880,883
9881,283
9882,179
9883,849
9884,215
9885,959
9886,192
9887,138
9888,792
9889,809
9890,437
9891,336
9892,128
9893,97
9894,513
9895,470
9896,114
9897,193
9898,245
9899,127
9900,516
9901,483
9902,748
9903,654
9904,191
9905,163
9906,634
9907,568
9908,732
9909,733
9910,598
9911,589
9912,932
9913,161
9914,770
9915,33
9916,912
9917,854
9918,650
9919,674
9920,108
9921,866
9922,462
9923,561
9924,927
9925,647
9926,170
9927,979
9928,65
9929,586
9930,971
9931,884
9932,228
9933,534
9934,242
9935,233
9936,361
9937,458
9938,386
9939,497
9940,962
9941,416
9942,398
9943,782
9944,18
9945,889
9946,350
9947,294
9948,378
9949,69
9950,42
9951,893
9952,814
9953,967
9954,1
9955,335
9956,21
9957,131
9958,439
9959,916
9960,209
9961,256
9962,842
9963,192
9964,379
9965,256
9966,661
9967,415
9968,579
9969,431
9970,562
9971,857
9972,13
9973,716
9974,649
9975,451
9976,96
9977,89
9978,344
9979,428
9980,502
9981,389
9982,689
9983,742
9984,990
9985,906
9986,625
9987,232
9988,422
9989,932
9990,524
9991,363
9992,710
9993,15
9994,780
9995,220
9996,167
9997,354
9998,86
9999,316
10000,66
10001,407
10002,669
10003,238
10004,510
